9E-ABE	0	220	28.016666666666666
9E-ALB	0	101	26.544368600682596
9E-ALO	0	83	24.945422535211268
9E-ATL	9	300	29.65467816854678
9E-ATW	0	191	27.141862170087975
9E-AUS	0	104	24.830795262267344
9E-AVL	0	168	26.95925925925926
9E-AVP	0	107	28.39558089807555
9E-AZO	0	152	26.15218434949592
9E-BDL	0	132	27.66311300639659
9E-BGM	0	157	25.590556730091613
9E-BGR	0	209	29.328535669586984
9E-BHM	0	161	26.61770761839396
9E-BIL	12	101	27.975
9E-BIS	0	93	21.578871201157742
9E-BJI	0	99	20.079601990049753
9E-BNA	0	158	27.59889158295809
9E-BOS	0	187	31.727518593644355
9E-BTR	0	62	18.915869980879542
9E-BTV	0	163	30.559055118110237
9E-BUF	0	110	27.73985680190931
9E-BWI	0	150	27.28688524590164
9E-BZN	0	85	36.1875
9E-CAE	0	100	23.939841498559076
9E-CAK	0	138	28.01377551020408
9E-CHA	0	77	20.566536203522507
9E-CHS	0	122	26.18038293584145
9E-CID	0	109	27.071474154435226
9E-CLE	0	154	29.47004132231405
9E-CLT	0	314	27.271763146266018
9E-CMH	0	165	24.366042154566745
9E-CMX	0	72	24.158163265306122
9E-COS	14	83	27.785714285714285
9E-CPR	0	109	28.745726495726494
9E-CRW	13	134	25.90776699029126
9E-CVG	0	190	29.143035213462138
9E-CWA	0	123	24.795454545454547
9E-DAY	0	157	27.374205508474578
9E-DCA	0	255	25.272577996715928
9E-DEN	0	100	29.39391304347826
9E-DFW	0	112	26.655362053162236
9E-DLH	0	142	27.914392723381486
9E-DSM	0	139	25.13588704040263
9E-DTW	0	193	26.948939797758094
9E-EAU	0	52	21.541666666666668
9E-ELM	0	134	25.34647550776583
9E-ERI	0	156	24.66216824111561
9E-EVV	0	139	23.6146679407549
9E-EWR	18	113	45.03260869565217
9E-FAR	0	170	22.991519895629484
9E-FCA	0	139	33.01953125
9E-FLL	0	140	31.089225589225588
9E-FNT	0	116	23.586657946370178
9E-FSD	0	90	23.727410782080486
9E-FSM	0	131	19.4739652870494
9E-FWA	0	140	27.205587392550143
9E-GFK	0	98	20.85123966942149
9E-GLH	15	23	19.0
9E-GPT	0	122	18.86615276804485
9E-GRB	0	117	24.986727922409393
9E-GRR	0	241	26.555555555555557
9E-GSO	0	167	27.52241112828439
9E-GSP	0	127	23.786291157589563
9E-GTF	0	111	25.11453744493392
9E-HLN	0	91	28.203193033381712
9E-HOU	12	138	27.39032258064516
9E-HPN	0	263	31.65956340956341
9E-HSV	0	132	23.26266416510319
9E-IAD	0	163	33.559633027522935
9E-IAH	0	282	28.936179577464788
9E-ICT	0	135	23.699552749276506
9E-IDA	0	101	27.734214390602055
9E-IND	0	168	25.93886781441494
9E-INL	0	104	19.15916955017301
9E-ITH	14	97	34.0
9E-JAN	0	156	23.760671991187
9E-JAX	0	211	22.217174515235456
9E-LAN	0	96	27.067301587301586
9E-LEX	0	176	25.415207877461707
9E-LGA	0	281	38.63069228744406
9E-LIT	0	117	28.003591954022987
9E-LNK	0	129	23.020922491678554
9E-LSE	0	119	21.164983164983166
9E-MBS	0	133	24.833898305084745
9E-MCI	0	213	25.80130548302872
9E-MCO	23	23	23.0
9E-MDT	0	122	29.533903133903134
9E-MDW	16	91	29.296875
9E-MEM	0	230	24.946629743847947
9E-MGM	0	98	20.404125644631975
9E-MHT	0	79	28.11038961038961
9E-MIA	20	35	24.764705882352942
9E-MKE	15	149	27.887096774193548
9E-MLI	0	183	24.58290564547967
9E-MOB	0	160	18.896884598508116
9E-MSN	0	151	25.599818511796734
9E-MSO	25	33	29.0
9E-MSP	0	222	26.579411052543353
9E-MSY	17	51	28.6
9E-MYR	0	73	27.225609756097562
9E-OKC	0	184	26.55097365406644
9E-OMA	0	140	25.543478260869566
9E-ORD	19	93	37.94444444444444
9E-ORF	0	155	28.528322440087145
9E-PFN	0	110	18.660185185185185
9E-PHL	0	220	36.63055062166963
9E-PIA	0	102	29.40554962646745
9E-PIR	14	30	19.666666666666668
9E-PIT	0	218	27.86219144024152
9E-PLN	0	108	25.515151515151516
9E-PNS	0	92	19.1606648199446
9E-PWM	0	129	28.438287153652393
9E-RAP	0	73	24.184410646387832
9E-RDU	0	101	23.136377661215676
9E-RHI	0	91	17.91860465116279
9E-RIC	0	176	26.058319039451113
9E-ROA	0	152	27.955704697986576
9E-ROC	0	145	30.26236559139785
9E-RST	0	140	23.989096573208723
9E-RSW	0	61	26.258503401360546
9E-SAT	12	94	27.00968992248062
9E-SAV	0	112	27.16734693877551
9E-SBN	0	171	27.471339309970116
9E-SCE	0	109	27.090584028605484
9E-SDF	0	120	23.77316443818907
9E-SGF	0	116	22.837475007140817
9E-SHV	0	85	20.24248851184164
9E-SLC	0	83	34.68571428571428
9E-SRQ	14	41	24.65625
9E-STL	0	190	26.469483568075116
9E-STX	20	61	32.65217391304348
9E-SUX	0	210	21.567441860465117
9E-SWF	0	122	30.350210970464136
9E-SYR	15	56	36.20754716981132
9E-TLH	0	93	18.59498787388844
9E-TPA	17	35	25.625
9E-TRI	8	89	20.558139534883722
9E-TUL	0	181	27.26735833998404
9E-TVC	0	148	28.818804483188046
9E-TYS	0	198	24.77156454491374
9E-XNA	0	168	26.215268225584595
AA-ABQ	0	619	23.434719919256
AA-ALB	0	1015	25.517688091679123
AA-AMA	0	148	21.842201834862387
AA-ANC	0	73	22.353323699421967
AA-ATL	0	1087	29.42449296342173
AA-AUS	0	1380	21.57450324713052
AA-BDL	0	980	24.5143104343312
AA-BHM	0	896	23.293888588426178
AA-BNA	0	946	22.45562116634624
AA-BOS	0	1427	26.932452446158045
AA-BTR	0	83	24.142857142857142
AA-BUF	0	908	25.546902654867257
AA-BUR	0	1010	29.85994560994561
AA-BWI	0	978	25.061936345851027
AA-CID	0	69	18.056338028169016
AA-CLE	0	1046	25.15653590675523
AA-CLT	0	924	26.655628752987816
AA-CMH	0	946	22.96216454025517
AA-COS	0	835	26.281413547325922
AA-CVG	0	938	29.284353059177533
AA-DAL	0	174	19.348037053374505
AA-DAY	0	1047	25.506228765571915
AA-DCA	0	1450	23.866970408865477
AA-DEN	0	932	26.040965849255304
AA-DFW	0	1649	23.335693981819183
AA-DRO	0	71	25.152542372881356
AA-DSM	0	620	21.0266507557677
AA-DTW	0	1033	27.51685039370079
AA-EGE	0	824	34.01202239789196
AA-ELP	0	754	23.2521120342132
AA-EWR	0	1032	32.52801542526601
AA-FAT	0	978	25.59516943042538
AA-FLL	0	1520	26.477911427009296
AA-GSO	0	884	24.513182674199623
AA-GUC	0	122	26.68339100346021
AA-HDN	0	146	30.71137339055794
AA-HNL	0	1450	24.62625386996904
AA-HOU	0	1289	21.758226747795852
AA-HPN	0	987	26.709828823854224
AA-HSV	0	837	23.397192513368985
AA-IAD	0	995	24.769003832474013
AA-IAH	0	1003	25.636541576673867
AA-ICT	0	366	22.742484351582473
AA-IND	0	862	24.624467025303847
AA-ISP	0	113	30.77777777777778
AA-JAC	0	635	32.161181750186984
AA-JAX	0	687	24.350080171031532
AA-JFK	0	1590	37.078362120253466
AA-KOA	0	1437	19.31093502377179
AA-LAS	0	1266	25.34153466065979
AA-LAX	0	1450	25.606070278834213
AA-LGA	0	1558	33.82946570330657
AA-LGB	0	1028	26.393159315931594
AA-LIH	0	1430	18.699869791666668
AA-LIT	0	609	20.085446196845677
AA-MCI	0	1011	23.27737961926092
AA-MCO	0	1367	22.96076390874264
AA-MDT	0	915	22.09746012994684
AA-MDW	0	1407	28.169068504594822
AA-MEM	0	441	24.69955035971223
AA-MFE	0	899	20.231235565819862
AA-MIA	0	1425	26.26244143544396
AA-MKE	0	187	23.35648148148148
AA-MLI	0	130	15.741110417966313
AA-MSP	0	911	27.275114891139346
AA-MSY	0	1348	21.14858531078992
AA-MTJ	0	540	28.324267782426777
AA-OAK	0	901	26.463706678566115
AA-OGG	0	1438	19.271655288589415
AA-OKC	0	1013	22.94524158125915
AA-OMA	0	904	23.67887066112793
AA-ONT	0	827	23.712839153576528
AA-ORD	0	1594	25.583931667645547
AA-ORF	0	673	23.9066323907455
AA-PBI	0	910	23.709920666090646
AA-PDX	0	1579	24.70044758539458
AA-PHL	0	999	31.44064199942739
AA-PHX	0	1335	25.461786068009243
AA-PIA	0	0	0.0
AA-PIT	0	980	26.806436851738866
AA-PSP	0	788	23.380648148148147
AA-PVD	0	926	26.07921998781231
AA-RDU	0	1421	23.416923140908334
AA-RIC	0	921	24.722779297072826
AA-RNO	0	859	24.01853332001199
AA-ROC	0	148	23.572465960665657
AA-RST	0	619	20.98959687906372
AA-RSW	0	849	23.03038990825688
AA-SAN	0	1022	26.498519200200786
AA-SAT	0	951	22.328911210082442
AA-SDF	0	1028	22.960369163952226
AA-SEA	0	1179	25.009332362409936
AA-SFO	0	1249	26.554008935319384
AA-SGF	0	830	20.03805364940736
AA-SHV	29	29	29.0
AA-SJC	0	1435	23.64364769465491
AA-SJU	0	863	23.11882274458859
AA-SLC	0	984	28.595266612370047
AA-SMF	0	1015	24.04762509525019
AA-SNA	0	970	25.26464057976163
AA-STL	0	1438	24.430252931051783
AA-STT	0	587	21.959248434237995
AA-STX	0	507	22.605403483825096
AA-SWF	0	917	21.89010989010989
AA-SYR	0	932	26.08725182863114
AA-TPA	0	916	22.22189287208816
AA-TUL	0	1402	23.48651560311703
AA-TUS	0	740	22.938141598781375
AA-TYS	0	924	24.561723280861642
AA-XNA	0	680	24.01090909090909
AQ-HNL	0	149	13.054009585807282
AQ-ITO	0	43	9.983859746764992
AQ-KOA	0	73	10.364183863253919
AQ-LAS	7	77	17.11304347826087
AQ-LIH	0	72	8.248086522462563
AQ-OAK	0	312	14.634843818741752
AQ-OGG	0	252	9.493338450572947
AQ-RNO	0	89	17.478448275862068
AQ-SAN	0	78	18.286107290233836
AQ-SMF	0	84	16.770992366412212
AQ-SNA	0	309	13.951890918446102
AS-ADK	0	24	9.447322970639032
AS-ADQ	0	1443	9.708393632416787
AS-AKN	0	37	8.785281035179944
AS-ANC	0	1409	16.478028930267435
AS-BET	0	63	10.061206516952884
AS-BOI	0	56	18.69859889214728
AS-BOS	0	185	30.479382686279237
AS-BRW	0	40	7.983971655137506
AS-BUR	0	83	18.087614891225286
AS-CDV	0	80	10.5625
AS-DCA	0	257	23.27269636178171
AS-DEN	0	189	21.577176403207332
AS-DFW	0	198	26.497596153846153
AS-DLG	0	31	9.028662420382165
AS-DUT	0	32	6.53544776119403
AS-EWR	0	221	36.84151472650771
AS-FAI	0	92	14.26939275595375
AS-GEG	0	145	18.738204306000917
AS-GST	0	1443	14.580872011251758
AS-HNL	13	56	24.36894586894587
AS-IAD	0	159	24.742844938060657
AS-JNU	0	111	16.450964518020157
AS-KOA	11	65	20.046511627906977
AS-KTN	0	88	15.401352181929932
AS-LAS	0	144	23.026543942992873
AS-LAX	0	153	19.743725698126546
AS-LGB	0	147	20.99019118869493
AS-LIH	0	48	19.526932084309134
AS-MCO	0	128	22.604557322572987
AS-MIA	0	74	24.033143939393938
AS-MSP	12	56	23.592307692307692
AS-OAK	0	136	16.731046972788334
AS-OGG	8	46	18.272251308900522
AS-OME	0	65	9.539108793552975
AS-ONT	0	95	17.19517000317763
AS-ORD	0	251	30.197734964852902
AS-OTZ	0	73	9.333813294936405
AS-PDX	0	142	17.69161782744991
AS-PHX	0	182	19.571912379305374
AS-PSG	0	60	9.861399861399862
AS-PSP	0	125	17.22953349701859
AS-RNO	0	115	18.493502165944687
AS-SAN	0	137	20.333508987645647
AS-SCC	0	49	9.6403242147923
AS-SEA	0	1452	21.148357426878277
AS-SFO	0	132	21.068789476183692
AS-SIT	0	1401	15.037240595091443
AS-SJC	0	1437	17.55647350751715
AS-SMF	0	151	17.37545777226886
AS-SNA	0	1441	18.34491137482915
AS-TUS	0	84	17.596554598499583
AS-WRG	0	50	10.105719237435009
AS-YAK	0	57	9.662003454231433
B6-ACK	0	143	22.437007874015748
B6-ATL	13	246	22.98526703499079
B6-AUS	0	367	22.799729625337967
B6-BNA	0	519	25.062457103637612
B6-BOS	0	308	25.888824767995008
B6-BQN	0	84	19.216522678185743
B6-BTV	0	268	22.063592798860252
B6-BUF	0	308	20.597289238275955
B6-BUR	0	264	24.925462812601495
B6-CLT	0	215	31.46829938200961
B6-CMH	0	166	21.90278456277479
B6-DEN	0	225	22.45758620689655
B6-EWR	0	352	32.457439299830604
B6-FLL	0	272	25.01659363551469
B6-HOU	0	469	23.5188679245283
B6-HPN	0	213	23.335483870967742
B6-IAD	0	260	25.08505813210681
B6-JAX	0	219	24.084572183680212
B6-JFK	0	438	33.85224522037689
B6-LAS	0	250	25.86497355663288
B6-LAX	21	32	26.5
B6-LGA	0	207	29.17110552763819
B6-LGB	0	311	20.096498585779774
B6-MCO	0	360	22.74140524514399
B6-MSY	0	230	20.65133171912833
B6-OAK	0	198	19.545206695409586
B6-ONT	0	160	21.49195596951736
B6-ORD	0	249	29.939355653821856
B6-PBI	0	286	21.47654915699584
B6-PDX	0	91	21.392831541218637
B6-PHX	0	141	22.0435552407932
B6-PIT	0	216	25.89168490153173
B6-PSE	0	92	21.1736869474779
B6-PWM	0	231	23.813218390804597
B6-RDU	0	217	23.460161536782362
B6-RIC	0	322	21.987010707389853
B6-ROC	0	177	21.162323509902397
B6-RSW	0	560	21.645715297450426
B6-SAN	0	192	24.738868025751074
B6-SEA	0	211	23.352863143931017
B6-SFO	0	161	26.13117332494495
B6-SJC	0	119	20.222016651248843
B6-SJU	0	169	24.439087061668683
B6-SLC	0	113	22.523569522680106
B6-SMF	0	145	19.315355329949238
B6-SRQ	0	138	20.897368421052633
B6-SWF	0	161	21.37406905890318
B6-SYR	0	383	23.257255936675463
B6-TPA	0	255	21.463739437372983
B6-TUS	0	84	18.91965811965812
CO-ABQ	0	183	21.38333927934356
CO-AGS	13	45	24.428571428571427
CO-AMA	22	24	23.0
CO-ANC	0	146	20.987193503045447
CO-ATL	0	313	30.869117985721964
CO-AUS	0	376	24.793292467287515
CO-BDL	0	221	23.258836626774283
CO-BHM	0	173	23.604096709200807
CO-BNA	0	129	20.962477797513323
CO-BOS	0	336	28.91781122150789
CO-BQN	0	82	22.581156316916488
CO-BRO	0	55	16.210355987055017
CO-BTR	0	177	23.8542600896861
CO-BTV	21	40	29.75
CO-BUF	0	193	21.20293510662692
CO-BWI	0	231	22.227408933420733
CO-CHS	0	118	20.48227848101266
CO-CLE	0	296	24.887404157406944
CO-CLT	0	250	27.98430004361099
CO-CMH	0	233	24.053088270095447
CO-COS	0	98	23.853053435114504
CO-CRP	0	114	17.650882825040128
CO-CVG	0	72	19.4
CO-DAB	0	189	27.446443873179092
CO-DAY	17	17	17.0
CO-DCA	0	239	26.136449729047193
CO-DEN	0	203	25.265027161076997
CO-DFW	0	317	27.022659614439725
CO-DTW	0	254	27.82161276329108
CO-EGE	0	161	33.253796095444685
CO-ELP	0	174	20.067929924919557
CO-EWR	0	391	35.3488048266127
CO-FLL	0	232	27.900642480116556
CO-GPT	0	165	21.254047322540472
CO-GSO	0	150	21.667322060558394
CO-GUC	0	126	23.642857142857142
CO-HDN	0	117	28.4068085106383
CO-HNL	0	91	27.92311818344359
CO-HOU	0	194	18.44165435745938
CO-IAD	0	221	27.84689265536723
CO-IAH	0	391	28.426039499295253
CO-IND	0	236	25.624505928853754
CO-JAC	0	140	26.534391534391535
CO-JAX	0	216	23.004597701149425
CO-JFK	0	288	37.70460819706944
CO-LAS	0	179	27.745540149453586
CO-LAX	0	176	25.536288165139197
CO-LBB	15	15	15.0
CO-LFT	0	114	21.57113402061856
CO-LGA	0	316	33.24901094458402
CO-LIT	10	36	20.75
CO-MAF	12	21	16.25
CO-MCI	0	153	21.649928702383377
CO-MCO	0	240	24.850599720004542
CO-MDW	0	223	29.082931909907565
CO-MEM	0	127	26.42016806722689
CO-MFE	0	207	18.733225146405136
CO-MHT	0	184	23.94334975369458
CO-MIA	0	263	26.352141041302122
CO-MKE	0	96	19.79597701149425
CO-MSP	0	226	28.797423049391554
CO-MSY	0	302	20.13871667304503
CO-MTJ	0	117	23.83087512291052
CO-MYR	0	185	23.851190476190474
CO-OAK	0	130	22.936082474226804
CO-OGG	0	72	20.327102803738317
CO-OKC	0	188	21.375056416428464
CO-OMA	0	245	24.30989956958393
CO-ONT	0	139	20.54681288553804
CO-ORD	0	297	31.426856820107314
CO-ORF	0	129	20.828240252897785
CO-PBI	0	220	24.751448534423993
CO-PDX	0	151	22.458760836713594
CO-PHL	0	260	29.273337966180218
CO-PHX	0	194	23.717530984500137
CO-PIT	0	246	25.94012656173941
CO-PNS	0	79	16.79718969555035
CO-PSE	0	56	23.553691275167786
CO-PSP	10	67	18.731428571428573
CO-PVD	0	135	20.99241579299576
CO-PWM	10	92	25.295081967213115
CO-RDU	0	245	23.86024886272411
CO-RIC	0	94	21.392632524707995
CO-RNO	0	101	21.781455214079326
CO-ROC	0	72	24.687150837988828
CO-RSW	0	272	22.790217563919327
CO-SAN	0	158	24.528336238620955
CO-SAT	0	415	21.336710763680095
CO-SAV	0	143	28.31906614785992
CO-SDF	0	88	19.77391304347826
CO-SEA	0	189	23.15704799275581
CO-SFO	0	215	24.715707066739977
CO-SJC	0	214	23.222920517560073
CO-SJU	0	212	26.020651117589892
CO-SLC	0	172	26.182161842882458
CO-SMF	0	108	21.282485072504976
CO-SNA	0	262	24.251706484641637
CO-SRQ	0	190	22.72857495677945
CO-STL	0	208	27.09055809055809
CO-STT	0	127	26.04741379310345
CO-TPA	0	269	23.596547117459664
CO-TUL	0	174	20.903901643457534
CO-TUS	0	178	19.921715244925988
CO-XNA	13	24	20.0
DH-ABE	0	205	17.194444444444443
DH-ACY	0	74	14.804395604395605
DH-ALB	0	192	21.742421524663676
DH-ATL	0	160	24.40387685290764
DH-ATW	0	307	16.261142061281337
DH-AUS	0	93	23.75409836065574
DH-AVL	0	97	12.732558139534884
DH-AVP	0	195	24.7372634643377
DH-AZO	0	128	14.884006462035542
DH-BDL	0	176	20.704396451986117
DH-BGM	0	122	13.916160388821385
DH-BGR	0	80	14.333964049195837
DH-BHM	0	155	26.570278184480234
DH-BMI	0	134	23.88740740740741
DH-BNA	0	184	19.8841625522218
DH-BOS	0	570	22.14599164611746
DH-BTV	0	259	20.26964872378064
DH-BUF	0	187	19.725566064775006
DH-BWI	0	65	19.6
DH-CAE	0	152	17.975854383358097
DH-CAK	0	144	27.49775112443778
DH-CHA	0	88	14.116279069767442
DH-CHO	0	179	11.572546826949958
DH-CHS	0	169	20.027645621705027
DH-CID	0	140	18.76149548775247
DH-CLE	0	303	19.762009373169303
DH-CLT	0	152	23.158947232615148
DH-CMH	0	162	16.74833267948215
DH-CMI	0	120	15.717348927875245
DH-COS	0	118	28.412337662337663
DH-CRW	0	156	15.96877334528612
DH-CVG	0	543	18.113399436313628
DH-DAY	0	177	17.058415480102227
DH-DCA	0	72	22.885454545454547
DH-DSM	0	106	22.413544668587896
DH-DTW	0	174	20.89087977065042
DH-ERI	0	182	17.297016861219195
DH-EVV	0	71	14.467775467775468
DH-EWR	0	314	24.063094745552338
DH-FAR	0	159	26.95016393442623
DH-FNT	0	73	15.583333333333334
DH-FSD	0	160	26.23933402705515
DH-FWA	0	127	18.05133245958934
DH-GRB	0	55	15.853488372093024
DH-GRR	0	169	23.484204131227216
DH-GSO	0	145	18.940912795436024
DH-GSP	0	149	19.19314213144248
DH-HPN	0	264	23.54822808419931
DH-HSV	0	82	16.35581188997338
DH-IAD	0	687	22.755749625793925
DH-ICT	0	178	27.01123595505618
DH-IND	0	175	20.949606299212597
DH-JAX	0	188	21.295401097465376
DH-JFK	0	347	27.19760158875649
DH-LAN	0	163	16.94991652754591
DH-LAS	0	105	30.264957264957264
DH-LAX	16	56	28.50920245398773
DH-LEX	0	213	22.336723163841807
DH-LGA	0	277	25.638947368421054
DH-LNK	0	194	25.952225841476658
DH-MBS	0	192	26.31663223140496
DH-MCO	0	201	20.57726657645467
DH-MDT	0	199	19.82557221783741
DH-MDW	0	109	17.849939975990395
DH-MEM	0	211	22.897289586305277
DH-MHT	0	290	22.826582278481013
DH-MKE	0	108	15.843631778058008
DH-MLI	0	112	22.69529499626587
DH-MSN	0	132	14.912148249828414
DH-MSY	0	93	20.78175313059034
DH-OKC	0	194	28.424136423261917
DH-ORD	0	622	25.896534997443528
DH-ORF	0	936	19.658788962698008
DH-PBI	0	101	22.345098039215685
DH-PHL	0	198	20.945245901639343
DH-PIA	0	139	23.102623456790123
DH-PIT	0	146	20.189646064447967
DH-PVD	0	192	23.44270444941586
DH-PWM	0	245	21.74161575016972
DH-RDU	0	1374	17.66345156606513
DH-RIC	0	94	15.59139240506329
DH-ROA	0	936	16.93665579878901
DH-ROC	0	148	18.655254023351215
DH-RSW	0	128	23.91967213114754
DH-SAN	15	71	27.964646464646464
DH-SAV	0	514	21.00462883593348
DH-SBN	0	810	17.39564977973568
DH-SCE	0	248	13.839901477832512
DH-SDF	0	162	18.90463917525773
DH-SEA	0	40	25.251256281407034
DH-SFO	0	74	28.506382978723405
DH-SGF	0	116	21.501098901098903
DH-SJC	16	40	23.2265625
DH-SJU	19	84	33.25
DH-STL	0	171	27.724509803921567
DH-SWF	0	121	18.230116648992578
DH-SYR	0	170	20.71824838073782
DH-TOL	0	157	14.154479917610711
DH-TPA	0	126	20.062111801242235
DH-TRI	0	96	13.309299895506792
DH-TUL	0	176	29.40881947634359
DH-TVC	0	73	20.907821229050278
DH-TYS	0	274	18.056453588048004
DH-XNA	0	48	15.471502590673575
DL-ABE	0	96	18.357064017660043
DL-ABQ	0	240	21.243235413407497
DL-AGS	0	80	20.26706827309237
DL-ALB	0	192	22.96577243293247
DL-ANC	0	161	23.46457800511509
DL-ATL	0	1489	26.405766589658146
DL-AUS	0	193	21.439226519337016
DL-BDL	0	256	23.109883938599776
DL-BHM	0	160	22.589225722303468
DL-BIL	0	182	18.335448776065277
DL-BNA	0	190	24.802534908700324
DL-BOI	0	105	19.107417622296413
DL-BOS	0	270	26.220242664188852
DL-BTR	0	146	19.798772468215695
DL-BUF	0	184	23.415239726027398
DL-BUR	0	51	24.291764705882354
DL-BWI	0	284	24.66897746967071
DL-BZN	0	139	18.55164954029205
DL-CAE	0	136	22.91557352796134
DL-CAK	0	96	23.28782287822878
DL-CHS	0	144	23.031341921087332
DL-CLE	0	190	23.553097602043778
DL-CLT	0	273	29.242789253281888
DL-CMH	0	283	21.101957707539416
DL-COS	0	195	24.429098651525905
DL-CVG	0	384	23.90981888237602
DL-DAB	0	137	22.376711773762256
DL-DAY	0	177	23.958148980924058
DL-DCA	0	265	23.800387419075292
DL-DEN	0	337	24.430819672131147
DL-DFW	0	318	27.9448619763388
DL-DTW	0	249	26.554889298892988
DL-EGE	0	144	28.28747433264887
DL-ELP	0	146	21.519004149377594
DL-EWR	0	302	30.551341164416144
DL-FAI	0	81	20.551724137931036
DL-FAY	13	34	21.069767441860463
DL-FCA	0	60	16.470679611650485
DL-FLL	0	237	27.213849818881965
DL-GEG	0	137	18.95194973202735
DL-GPT	0	108	23.09973404255319
DL-GRR	0	112	19.865876481597006
DL-GSO	0	190	24.476902369850503
DL-GSP	0	173	23.795254905180197
DL-GTF	0	96	15.519377037305324
DL-GUC	0	62	24.951923076923077
DL-HDN	0	138	24.496062992125985
DL-HLN	0	113	14.859391965255158
DL-HNL	0	144	25.775262780697563
DL-HOU	0	215	21.892200076657723
DL-HSV	0	180	23.351076610294797
DL-IAD	0	272	25.866999609396796
DL-IAH	0	196	26.156875090812225
DL-ICT	0	77	25.70886075949367
DL-IND	0	214	23.819054863554246
DL-ISP	0	146	19.993712888578415
DL-JAC	0	111	21.62578616352201
DL-JAN	0	142	20.10143527463428
DL-JAX	0	274	23.960501954330386
DL-JFK	0	430	42.23792126453922
DL-KOA	0	54	22.1825
DL-LAS	0	266	25.714290208910143
DL-LAX	0	259	26.749473665269104
DL-LEX	0	204	20.572036905606815
DL-LGA	0	302	32.31396525132809
DL-LIH	6	53	23.865591397849464
DL-LIT	0	143	21.16340988711561
DL-MCI	0	212	23.01855921855922
DL-MCO	0	1441	23.730194433029826
DL-MDT	0	62	17.857538035961273
DL-MDW	0	220	26.753516819571864
DL-MEM	0	156	24.09619780732447
DL-MGM	0	59	18.06659939455096
DL-MHT	0	219	24.09820359281437
DL-MIA	0	208	27.243293191844522
DL-MKE	0	155	22.741837114168835
DL-MLB	0	233	21.88115104835259
DL-MLU	0	111	16.48420188756668
DL-MOB	0	171	19.839115969581748
DL-MSO	0	66	15.372903225806452
DL-MSP	0	567	27.395210334270015
DL-MSY	0	233	22.193701256499132
DL-MTJ	0	71	29.302325581395348
DL-MYR	0	51	20.904040404040405
DL-OAK	0	142	22.133617983172172
DL-OGG	0	74	19.127371273712736
DL-OKC	0	201	20.623260437375745
DL-OMA	0	123	21.63519706691109
DL-ONT	0	169	22.03178112477546
DL-ORD	0	1441	28.620505877549267
DL-ORF	0	171	22.159822117348096
DL-PBI	0	191	23.637585091747216
DL-PDX	0	279	20.931623931623932
DL-PHF	0	137	22.58875552747947
DL-PHL	0	296	32.948753862913804
DL-PHX	0	271	26.007028192636373
DL-PIT	0	160	25.98612561539609
DL-PNS	0	181	21.781341719077567
DL-PSC	0	114	15.560307955517537
DL-PSP	0	63	19.43546441495778
DL-PVD	0	191	23.117555670636975
DL-PWM	0	223	21.536618567928123
DL-RDU	0	235	23.51706536434622
DL-RIC	0	1532	22.456748034001546
DL-RNO	0	181	21.10074207330785
DL-ROC	0	141	22.123917525773194
DL-RSW	0	1442	23.946029320201507
DL-SAN	0	212	24.87287855270858
DL-SAT	0	233	21.568065775641987
DL-SAV	0	164	22.44052614590058
DL-SBN	0	43	17.12727272727273
DL-SDF	0	213	21.374018189334436
DL-SEA	0	273	25.128243884784876
DL-SFO	0	300	26.31835315147276
DL-SHV	0	132	17.52810424118549
DL-SJC	0	452	21.49436609208268
DL-SJU	0	235	26.551514096762965
DL-SLC	0	603	26.370583898457063
DL-SMF	0	421	20.478225752170694
DL-SNA	0	230	24.363495809260314
DL-SRQ	0	209	21.235191529118655
DL-STL	0	180	24.613450845853542
DL-STT	0	409	25.267046927663987
DL-STX	0	70	23.027272727272727
DL-SYR	0	199	22.818044164037854
DL-TLH	0	205	20.786141072398543
DL-TPA	0	248	22.88772251704077
DL-TUL	0	108	20.776753457082346
DL-TUS	0	161	20.575340959084908
DL-TYS	0	1447	23.783593033913842
DL-VPS	0	126	22.893617021276597
EV-ABE	0	1501	33.852362948960305
EV-ABI	17	1451	380.25
EV-ABQ	0	38	17.347826086956523
EV-ABY	0	1454	18.281352098517214
EV-ACY	0	143	24.420142421159714
EV-AEX	0	1475	24.005935109469796
EV-AGS	0	1570	21.114111054508406
EV-ALB	0	1468	26.66649377593361
EV-AMA	0	89	15.86623912047641
EV-APF	0	1457	22.670886075949365
EV-ATL	0	1704	53.44539262099048
EV-ATW	0	1472	22.70596951735817
EV-AUS	0	1574	35.84028048305415
EV-AVL	0	1472	20.405570310817602
EV-AVP	0	1496	27.82546930492136
EV-AZO	0	161	19.714110429447853
EV-BDL	0	76	21.95138888888889
EV-BGM	0	87	25.41652613827993
EV-BGR	0	94	22.53614457831325
EV-BHM	0	1454	21.981189851268592
EV-BIL	0	54	14.059080962800875
EV-BMI	0	115	25.17005076142132
EV-BNA	0	1501	26.98197997775306
EV-BOI	0	48	16.530020703933747
EV-BOS	0	147	29.35575485799701
EV-BPT	0	107	15.055871212121213
EV-BQK	0	1466	18.758785249457702
EV-BTR	0	1488	21.11530815109344
EV-BTV	0	99	27.166666666666668
EV-BUF	0	1691	27.050108932461875
EV-BWI	0	1553	41.12655367231638
EV-BZN	0	1485	23.402332361516034
EV-CAE	0	1500	23.942370696600246
EV-CAK	0	1468	24.590688524590163
EV-CHA	0	1473	19.574665760253797
EV-CHO	0	1465	19.440417353102692
EV-CHS	0	143	20.432145305003427
EV-CID	0	1451	28.498091603053435
EV-CLE	0	1508	27.567870485678704
EV-CLT	0	1499	28.8433968356474
EV-CMH	9	141	22.488817891373802
EV-CMI	0	75	23.978070175438596
EV-CRP	0	1493	25.045396997648762
EV-CRW	0	1476	22.832104077033396
EV-CSG	0	1465	17.824733268671192
EV-CVG	0	1709	63.039072525332976
EV-DAB	0	1453	21.76107799948173
EV-DAL	0	83	21.91435185185185
EV-DAY	0	1465	22.17494769874477
EV-DCA	0	1471	22.52350321622959
EV-DEN	0	1469	23.589059674502714
EV-DFW	0	1701	39.26316832096088
EV-DHN	0	1497	18.535071090047392
EV-DSM	0	1473	23.781666666666666
EV-DTW	0	1516	35.67959697732997
EV-ELP	0	1460	21.02299564947172
EV-ERI	0	97	20.231724137931035
EV-EVV	0	1575	22.455067706196143
EV-EWN	0	135	20.44952795933188
EV-EWR	0	144	32.54662698412698
EV-EYW	0	1465	20.862923523717328
EV-FAY	0	1470	21.03130209298018
EV-FCA	0	45	16.183673469387756
EV-FLL	0	153	22.65142857142857
EV-FLO	0	1451	18.458201267828844
EV-FNT	0	1476	23.288587390263366
EV-FSD	0	76	22.67058823529412
EV-FSM	0	113	23.794466403162055
EV-FWA	0	1524	25.133128612716764
EV-GEG	0	60	16.935406698564595
EV-GNV	0	1525	19.79828057835092
EV-GPT	0	1510	24.46987281399046
EV-GRB	0	58	19.024752475247524
EV-GRK	0	149	24.58859223300971
EV-GRR	0	1483	25.19240854039206
EV-GSO	0	1492	31.76463463867582
EV-GSP	0	1496	23.483593638057027
EV-GTR	0	1488	21.40455878432418
EV-HDN	0	40	16.112244897959183
EV-HHH	0	104	22.161073825503355
EV-HKY	0	130	17.194444444444443
EV-HOU	0	1512	23.493731085170772
EV-HPN	0	1583	28.267832489645652
EV-HSV	0	1516	22.697751536719508
EV-HTS	0	73	16.287128712871286
EV-IAD	0	1505	35.3776111408677
EV-IAH	0	1629	26.63068535825545
EV-ICT	0	1473	25.198207955888144
EV-ILE	0	39	14.871007371007371
EV-ILG	0	130	24.08627450980392
EV-ILM	0	1487	22.292120380691074
EV-IND	0	167	23.17867332382311
EV-ISO	0	1460	21.958894401133946
EV-ISP	0	1528	25.300106326422117
EV-JAC	0	92	16.29722222222222
EV-JAN	0	1500	22.779200585383702
EV-JAX	0	1465	24.992987377279103
EV-JFK	0	1500	33.2067771456839
EV-LAN	0	1454	20.76005852231163
EV-LAS	0	1477	27.818245125348188
EV-LAW	11	116	22.655430711610485
EV-LAX	0	1460	23.943107221006564
EV-LBB	0	1452	17.972591362126245
EV-LEX	0	1480	20.955678984357288
EV-LFT	0	1463	22.764603817235397
EV-LGA	0	1558	73.92508624938394
EV-LIT	0	1516	25.223362511319046
EV-LWB	0	1454	21.289592760180994
EV-LYH	0	130	17.2368281938326
EV-MAF	0	54	13.727272727272727
EV-MCI	0	117	20.738428673154523
EV-MCN	0	1455	20.71297071129707
EV-MCO	0	1465	21.03028286189684
EV-MDT	0	1470	23.156889161053275
EV-MDW	0	1549	31.150199600798402
EV-MEI	0	1460	22.52085664056257
EV-MEM	0	1468	24.772942621512545
EV-MFE	0	84	23.74398073836276
EV-MGM	0	1475	21.364676275451842
EV-MHT	0	1486	25.11809374181723
EV-MIA	11	158	22.140969162995596
EV-MKE	0	1482	25.75770853618955
EV-MLB	0	1495	23.03689193601045
EV-MLI	0	1472	25.204743465634074
EV-MLU	0	1471	21.375474602360185
EV-MOB	0	1469	21.44823373714751
EV-MSN	0	1465	25.184496124031007
EV-MSO	0	72	12.856617647058824
EV-MSP	0	1491	32.59589169000934
EV-MSY	0	1493	25.004195804195803
EV-MTH	0	107	27.625
EV-MYR	0	1479	22.198259330284703
EV-OAJ	0	128	21.704946236559138
EV-OAK	0	1460	23.981993851559068
EV-OKC	0	1466	21.103942228009945
EV-OMA	0	1472	25.773976713479776
EV-ONT	0	1459	22.28774667278568
EV-ORD	0	1495	28.46834061135371
EV-ORF	0	1468	22.066422018348625
EV-PBI	0	62	19.307443365695793
EV-PDX	0	46	16.45792563600783
EV-PFN	0	1479	20.63101079489696
EV-PHF	0	1507	24.100517368810053
EV-PHL	0	158	31.898416886543536
EV-PHX	0	169	23.124602091859938
EV-PIA	0	1476	25.108012170385397
EV-PIH	1454	1454	1454.0
EV-PIT	0	1476	25.053150684931506
EV-PNS	0	1464	18.339904610492844
EV-PSC	0	68	17.301204819277107
EV-PSP	0	54	15.629427792915532
EV-PVD	0	1464	26.398195149464186
EV-PVU	17	17	17.0
EV-PWM	0	1488	25.388153938665063
EV-RAP	8	36	16.88
EV-RDU	0	1526	24.370049916805325
EV-RIC	0	1475	22.081172111822163
EV-RNO	0	1456	18.479553903345725
EV-ROA	0	1493	23.186206156816475
EV-ROC	0	1473	27.340150491993054
EV-RSW	10	28	17.0
EV-SAN	0	1460	24.056768558951966
EV-SAT	0	1496	27.478828650573803
EV-SAV	0	1453	21.62713936430318
EV-SBN	0	1468	21.769433233900685
EV-SCE	0	89	26.26332288401254
EV-SDF	0	1458	22.019205076820306
EV-SEA	0	62	20.51094890510949
EV-SFO	0	101	26.567385444743934
EV-SGF	0	1453	24.73213603362629
EV-SHV	0	1485	23.076276276276275
EV-SJC	0	1445	23.110169491525422
EV-SLC	0	1528	43.45895733829839
EV-SMF	0	1471	23.13482056256062
EV-SNA	0	680	28.241102181400688
EV-SOP	0	78	21.865203761755485
EV-SRQ	0	1457	23.610799136069115
EV-STL	0	1537	29.026677128285602
EV-SWF	0	136	25.726605504587155
EV-SYR	0	177	24.064172286273656
EV-TLH	0	1477	21.907685379765837
EV-TOL	0	1466	22.41223404255319
EV-TPA	0	1456	17.164428739693758
EV-TRI	0	1477	20.60164963914144
EV-TUL	0	1520	21.576760053757884
EV-TUP	0	194	18.12785388127854
EV-TUS	0	1462	22.439271255060728
EV-TVC	3	66	22.7319587628866
EV-TXK	0	39	13.125
EV-TYR	16	16	16.0
EV-TYS	0	1485	24.13624550179928
EV-VLD	0	1485	18.28720483250961
EV-VPS	0	1480	21.818722541399122
EV-XNA	0	1483	26.828332003192337
F9-ABQ	0	157	18.111153119092627
F9-ANC	0	74	18.10313315926893
F9-ATL	0	150	25.855681565488105
F9-AUS	0	136	18.878756205905407
F9-BDL	0	56	22.015414258188823
F9-BNA	0	160	20.430502974580854
F9-BOI	14	105	22.431767337807607
F9-BTR	17	17	17.0
F9-BWI	0	161	23.540298507462687
F9-BZN	18	18	18.0
F9-CAK	0	159	19.5531669865643
F9-CLT	20	20	20.0
F9-DAY	0	93	20.33715012722646
F9-DCA	0	170	25.032492851572655
F9-DEN	0	249	20.499593615855606
F9-DFW	0	245	23.18985849056604
F9-DTW	0	144	24.411590296495955
F9-ELP	17	21	19.333333333333332
F9-FAT	0	85	17.069620253164558
F9-FLL	0	208	24.42292923752057
F9-GEG	11	106	19.64876033057851
F9-IAH	0	121	23.137472283813747
F9-IND	0	156	20.327086122266845
F9-JAC	12	35	21.0
F9-JAX	0	66	21.996987951807228
F9-LAS	0	127	23.635859929078013
F9-LAX	0	111	20.108324661810613
F9-LGA	0	253	35.32218934911243
F9-MCI	0	143	19.16798150163221
F9-MCO	0	149	23.140854254972286
F9-MDW	0	229	22.607420706163975
F9-MEM	0	77	22.870212765957447
F9-MKE	0	144	21.59591584158416
F9-MSP	0	163	25.37279821627648
F9-MSY	0	40	15.522875816993464
F9-OKC	0	51	17.456090651558075
F9-OMA	0	107	20.633527072499234
F9-PBI	12	75	20.929078014184398
F9-PDX	0	98	19.08973851030111
F9-PHL	0	276	35.48270440251572
F9-PHX	0	151	21.5535669898086
F9-RNO	0	58	17.4090407938258
F9-RSW	0	156	22.593352883675465
F9-SAN	0	154	22.06539913700108
F9-SAT	0	59	17.283683141503047
F9-SDF	0	101	21.722105263157896
F9-SEA	0	146	21.93653421633554
F9-SFO	0	112	23.18507072387971
F9-SJC	0	123	20.061829330608074
F9-SLC	0	187	23.697488269390007
F9-SMF	0	109	18.47961420429636
F9-SNA	0	182	22.14606986899563
F9-STL	0	184	21.423653029286832
F9-TPA	0	131	22.42249047013977
F9-TUL	0	32	17.263157894736842
F9-TUS	0	92	18.123737373737374
FL-ATL	0	969	23.985296040183027
FL-BMI	0	253	19.84437350359138
FL-BOS	0	1398	25.134368819856455
FL-BTV	10	84	18.151685393258425
FL-BUF	0	165	22.340270784379545
FL-BWI	0	226	20.51178508177935
FL-CAK	0	192	20.279212017630655
FL-CHS	0	126	20.383149448345034
FL-CLT	0	210	25.27560930914422
FL-CMH	10	58	20.554502369668246
FL-DAB	0	78	20.11682242990654
FL-DAY	0	155	20.025303207535554
FL-DCA	0	207	24.899087745697358
FL-DEN	0	208	23.456518614345264
FL-DFW	0	335	25.15662440639568
FL-DTW	0	204	21.97848924462231
FL-EWR	0	402	33.53336725175952
FL-FLL	0	210	23.51636722370034
FL-FNT	0	186	18.799375731564574
FL-GPT	0	150	17.4302852246297
FL-GSO	0	109	22.815831987075928
FL-HOU	0	215	20.74715835140998
FL-HPN	0	290	22.580281316348195
FL-IAD	0	253	25.04283937179288
FL-ICT	0	158	21.204884180283713
FL-IND	0	178	20.21089827041101
FL-JAX	0	162	20.782463620354065
FL-LAS	0	214	24.63757076685538
FL-LAX	0	129	20.930339138405134
FL-LGA	0	300	32.26342377835674
FL-MCI	0	159	21.2807881773399
FL-MCO	0	209	20.665549036043586
FL-MDT	12	37	21.476190476190474
FL-MDW	0	229	21.729189789123197
FL-MEM	0	220	22.421870739023724
FL-MIA	0	196	25.636687716439194
FL-MKE	0	875	21.927770939949472
FL-MLI	0	191	20.601437814521926
FL-MSP	0	280	23.81522017409114
FL-MSY	0	187	19.892745185848636
FL-MYR	0	221	19.932531380753137
FL-PBI	0	138	20.95021582733813
FL-PHF	0	200	20.317928548017044
FL-PHL	0	239	28.622947525548284
FL-PHX	0	69	21.09
FL-PIT	0	172	23.33991108337883
FL-PNS	0	188	19.184278350515463
FL-PWM	0	202	19.44197667962243
FL-RDU	0	165	21.337663587374905
FL-RIC	0	191	20.964950121326503
FL-ROC	0	179	20.70754086407
FL-RSW	0	186	19.786909790920273
FL-SAN	0	92	23.71145685997171
FL-SAT	11	100	24.26737160120846
FL-SAV	0	114	20.19795140543116
FL-SEA	0	104	24.29851632047478
FL-SFO	0	236	25.291901012373454
FL-SJU	11	75	21.48537378114843
FL-SRQ	0	775	19.119602080036174
FL-STL	0	216	22.990521327014218
FL-SWF	0	201	20.676852827537758
FL-TLH	0	71	16.642512077294686
FL-TPA	0	306	19.90383364130859
HA-ANC	13	21	17.0
HA-HNL	0	1435	16.38274824944781
HA-ITO	0	1444	11.913526378421261
HA-KOA	0	1403	12.218361287216114
HA-LAS	0	102	24.156240076214672
HA-LAX	0	56	18.924554455445545
HA-LIH	0	1443	9.58151087228193
HA-LNY	0	1441	92.55017301038062
HA-MKK	0	14	7.065972222222222
HA-OAK	10	35	19.421875
HA-OGG	0	1441	12.131432100399214
HA-ONT	10	38	17.866666666666667
HA-PDX	0	76	19.261904761904763
HA-PHX	0	91	23.183359830418652
HA-PIT	12	12	12.0
HA-SAN	0	69	20.905727499110636
HA-SEA	0	102	21.40438099926163
HA-SFO	0	208	21.014316012725345
HA-SJC	0	60	18.89075630252101
HA-SMF	0	72	17.962708537782138
HP-ABQ	0	150	20.581239530988274
HP-ANC	0	72	19.684538653366584
HP-ATL	0	237	27.988941202233658
HP-AUS	0	149	19.870973269362576
HP-BDL	0	159	25.023371456986574
HP-BOI	0	66	17.39329073482428
HP-BOS	0	212	28.908917086737354
HP-BUR	0	147	17.523079068470228
HP-BWI	0	230	22.18788383470386
HP-CLE	0	180	23.92070275403609
HP-CMH	0	175	18.876496534341523
HP-COS	0	169	21.30518234165067
HP-DCA	0	1478	21.4627868852459
HP-DEN	0	196	20.202153667054716
HP-DFW	0	226	20.292353923205344
HP-DSM	0	73	18.001652892561985
HP-DTW	0	242	23.930220189341558
HP-ELP	0	103	20.093962921882426
HP-EWR	0	1459	32.25985784396683
HP-FCA	7	42	15.531645569620252
HP-FLL	0	132	24.294046758255
HP-GEG	0	137	16.428161668839635
HP-HNL	0	44	25.375
HP-IAD	0	289	25.781128695132875
HP-IAH	0	166	23.03332298458036
HP-ICT	0	67	17.698347107438018
HP-IND	0	119	23.6999768142824
HP-JFK	0	337	31.627808254963426
HP-LAS	0	1318	23.234447820377476
HP-LAX	0	215	18.573670199150158
HP-LGA	20	36	28.0
HP-LGB	0	134	19.866934238962642
HP-MCI	0	119	19.873963770340804
HP-MCO	0	166	20.901692047377328
HP-MDW	0	43	15.771428571428572
HP-MIA	0	162	25.475320829220138
HP-MKE	0	133	22.356664184661206
HP-MSP	0	212	26.030187160394444
HP-MSY	0	85	22.805422647527912
HP-OAK	0	138	17.586209577114428
HP-OGG	15	37	21.1875
HP-OMA	0	205	19.157254230842366
HP-ONT	0	188	18.481935975609755
HP-ORD	0	262	24.324562611930016
HP-PDX	0	80	15.914298056155507
HP-PHL	0	261	31.10028653295129
HP-PHX	0	1463	22.583161882460224
HP-PIT	0	90	27.078100263852242
HP-PSP	0	52	18.17241379310345
HP-RDU	0	117	22.266647110589616
HP-RNO	0	138	16.05996149261942
HP-RSW	0	122	16.848806366047747
HP-SAN	0	201	22.13199070487994
HP-SAT	0	111	20.142941003815675
HP-SEA	0	193	18.023013375295044
HP-SFO	0	168	19.26100084365703
HP-SJC	0	201	18.63944180774952
HP-SLC	0	155	18.551043934930192
HP-SMF	0	104	15.735068007096393
HP-SNA	0	200	18.942856020736784
HP-STL	0	120	22.483857173401752
HP-TPA	0	150	23.565906623235612
HP-TUS	0	100	17.45092177379173
MQ-ABI	0	356	18.843263061411548
MQ-ABQ	0	562	25.907438016528925
MQ-ACT	0	234	20.84877714854689
MQ-AEX	0	198	21.7
MQ-ALB	0	1007	25.363514902363825
MQ-AMA	0	948	19.056615878107458
MQ-ATL	0	195	29.78462429978752
MQ-AUS	0	256	15.156174915905815
MQ-AZO	0	953	20.033630548555923
MQ-BDL	0	997	19.894728971962618
MQ-BGR	0	1037	17.435965044447794
MQ-BHM	0	156	25.682485875706213
MQ-BMI	0	408	20.72011577424023
MQ-BNA	0	923	19.904524372101164
MQ-BOI	0	752	28.819565217391304
MQ-BOS	0	943	23.601291995793503
MQ-BPT	0	41	20.111979166666668
MQ-BTR	0	935	19.540083496274374
MQ-BTV	0	326	22.226666666666667
MQ-BUF	0	986	25.096207215541167
MQ-BWI	0	1029	20.476166068682726
MQ-CAE	0	524	22.276666666666667
MQ-CHA	0	979	20.673506336753167
MQ-CHS	0	118	21.000718907260964
MQ-CID	0	1006	20.343505123568416
MQ-CLE	0	1018	26.12709012089717
MQ-CLL	0	128	20.565382748017477
MQ-CLT	0	929	29.969503486516004
MQ-CMH	0	1090	23.418224253622483
MQ-CMI	0	891	21.029284486335882
MQ-COS	0	209	24.620015048908954
MQ-CRP	0	896	18.201637606032044
MQ-CVG	0	1010	25.000228295610203
MQ-CWA	7	133	21.16638935108153
MQ-DAL	0	162	17.501750972762647
MQ-DAY	0	985	25.085837286944297
MQ-DBQ	0	668	19.1879827351204
MQ-DCA	0	1302	22.426843996025376
MQ-DFW	0	1448	21.625128856227562
MQ-DLH	0	96	18.833109919571047
MQ-DRO	0	607	25.406779661016948
MQ-DSM	0	953	21.332575892064618
MQ-DTW	0	662	26.42875282167043
MQ-ELP	10	49	21.74
MQ-EVV	0	973	20.98293398866817
MQ-EWR	0	845	25.288877780554863
MQ-EYW	0	98	19.537897310513447
MQ-FAT	0	1064	17.65433421690824
MQ-FLL	0	124	21.124598070739548
MQ-FNT	0	220	24.050680786686836
MQ-FSD	0	1004	26.7003861003861
MQ-FSM	0	935	19.484856828193834
MQ-FWA	0	930	20.65184235821852
MQ-GGG	0	995	20.77675115495068
MQ-GJT	7	176	21.469594594594593
MQ-GPT	0	243	20.737826507578202
MQ-GRB	0	516	17.930356382223483
MQ-GRK	0	193	18.07195042400522
MQ-GRR	0	1088	23.91502336968618
MQ-GSO	0	1010	25.49693402011283
MQ-GSP	0	1031	22.983580873597795
MQ-HOU	0	894	21.389735082692404
MQ-HPN	0	931	26.947695812160504
MQ-HSV	0	929	20.948059149722734
MQ-IAD	0	848	25.96044004889432
MQ-IAH	0	1002	25.230726872246695
MQ-ICT	0	918	21.32724736139755
MQ-ILE	0	1044	22.159672736869886
MQ-IND	0	927	23.935458736445685
MQ-ISP	0	118	16.709154113557357
MQ-JAN	0	954	20.279204339963833
MQ-JAX	0	324	20.84168126094571
MQ-JFK	0	648	29.642805306935113
MQ-LAS	0	109	26.441702819956618
MQ-LAW	0	1042	21.16067289224452
MQ-LAX	0	1445	21.73962983599734
MQ-LBB	0	990	18.590755189165318
MQ-LEX	0	228	22.762082387285112
MQ-LFT	0	131	22.81348373557188
MQ-LGA	0	1462	30.76228962471662
MQ-LIT	0	1027	21.50064306712396
MQ-LNK	0	141	24.211267605633804
MQ-LRD	0	983	18.79368932038835
MQ-LSE	0	703	20.800687692672515
MQ-MAF	0	660	18.134658474882546
MQ-MAZ	9	32	18.133333333333333
MQ-MCI	0	128	15.7397155916709
MQ-MCO	0	1006	20.269166200335757
MQ-MDT	0	905	22.472021563342317
MQ-MDW	0	460	26.250670241286862
MQ-MEM	0	944	23.38934155472363
MQ-MIA	0	877	20.369377513169788
MQ-MKE	0	1002	23.881303869429672
MQ-MLI	0	920	20.504347826086956
MQ-MLU	0	102	21.80306002353864
MQ-MOB	0	299	18.885578583765113
MQ-MQT	0	984	17.494826311899484
MQ-MRY	0	1038	18.945583887657058
MQ-MSN	0	1328	22.34328024337867
MQ-MSP	0	405	26.873243243243245
MQ-MSY	11	88	26.037037037037038
MQ-MTJ	0	93	20.03994293865906
MQ-OAK	0	927	21.117432150313153
MQ-OKC	0	679	22.60655550479671
MQ-OMA	0	983	24.32582322357019
MQ-ORD	0	1537	22.296022164071378
MQ-ORF	0	913	21.585214072353136
MQ-ORH	0	429	18.746478873239436
MQ-PHL	0	943	24.764896373056995
MQ-PHX	0	996	19.58730158730159
MQ-PIA	0	265	19.82384087977734
MQ-PIT	0	974	23.802167589751765
MQ-PNS	0	126	18.856892577224528
MQ-PSP	0	1001	17.052624153498872
MQ-PVD	0	966	22.546507483962937
MQ-PWM	0	992	19.898312744802652
MQ-RDU	0	1525	21.288320063543697
MQ-RIC	0	1013	22.66370476531709
MQ-ROC	0	917	25.113315150012397
MQ-ROW	0	132	16.688344594594593
MQ-RST	0	362	19.988527189627835
MQ-RSW	0	173	20.203525641025642
MQ-SAN	0	983	18.249454253849922
MQ-SAT	0	83	13.67304625199362
MQ-SAV	0	865	22.98508655126498
MQ-SBA	0	1011	18.134979764532744
MQ-SBP	0	992	19.541959578207383
MQ-SDF	0	938	23.683634087827265
MQ-SFO	0	1414	20.163583913117257
MQ-SGF	0	939	21.38792242977328
MQ-SHV	0	802	18.552899513058875
MQ-SJC	0	1000	19.11628501731193
MQ-SJT	0	705	19.011764705882353
MQ-SJU	0	34	15.910112359550562
MQ-SNA	0	808	16.517241379310345
MQ-SPI	7	86	23.43
MQ-SPS	0	948	22.486556193178156
MQ-STL	0	238	21.01724565756824
MQ-STT	0	31	17.06451612903226
MQ-STX	20	20	20.0
MQ-SWF	0	1001	24.18504672897196
MQ-SYR	0	905	24.495378185033356
MQ-TLH	7	63	19.4020618556701
MQ-TOL	0	952	20.527982899339293
MQ-TPA	0	95	19.953519256308102
MQ-TUL	0	640	20.984165324745035
MQ-TVC	0	957	18.825037360616165
MQ-TXK	0	451	19.502611940298507
MQ-TYR	0	151	21.202831419624218
MQ-TYS	0	940	23.41430808815304
MQ-VPS	0	169	21.72355430183357
MQ-XNA	0	1302	21.025240054869684
NW-ABE	0	131	20.38285395141022
NW-ABQ	0	163	22.606946354883082
NW-ALB	0	187	23.70679311012193
NW-ANC	0	133	24.355819957346505
NW-ATL	0	250	27.436891312816517
NW-AUS	0	129	20.62325231232523
NW-AZO	0	251	21.997753267973856
NW-BDL	0	210	24.443576689239286
NW-BHM	0	177	20.21078956770275
NW-BIL	0	140	18.443007452871548
NW-BIS	0	149	16.547300744973978
NW-BNA	0	157	21.674777177802355
NW-BOI	0	134	23.541111754487552
NW-BOS	0	219	28.059832908099455
NW-BTR	0	167	18.336339522546417
NW-BTV	0	61	23.456090651558075
NW-BUF	0	165	24.137167372021565
NW-BWI	0	221	24.65683844593942
NW-BZN	0	133	21.99621109607578
NW-CHS	0	54	22.127572016460906
NW-CID	0	210	16.70099923136049
NW-CLE	0	253	26.571691757027054
NW-CLT	0	202	26.095258233335095
NW-CMH	0	215	21.65866388308977
NW-COS	0	171	24.346567848950063
NW-CVG	0	153	23.556844547563806
NW-DAY	0	187	21.441516709511568
NW-DCA	0	221	23.77440221785838
NW-DEN	0	231	23.886716554763524
NW-DFW	0	224	25.619168386906516
NW-DLH	0	193	18.005599360073134
NW-DSM	0	141	19.393751842027704
NW-DTW	0	291	26.04110011377956
NW-EGE	0	154	28.123883928571427
NW-EWR	0	302	28.979337512077894
NW-FAI	0	79	23.0940350877193
NW-FAR	0	206	18.258369209021396
NW-FCA	0	97	17.68972491909385
NW-FLL	0	222	27.49963762056085
NW-FNT	0	227	23.06198466657023
NW-FSD	0	185	20.124076923076924
NW-FWA	0	118	20.186704384724187
NW-GEG	0	144	22.009233876785455
NW-GFK	0	142	16.372809419496168
NW-GPT	0	107	16.512787448957663
NW-GRB	0	151	21.851409869083586
NW-GRR	0	184	21.051067994703207
NW-GSO	0	143	26.054636801339754
NW-GSP	0	110	22.995092024539876
NW-GTF	0	92	14.763744616164175
NW-HDN	0	144	24.016166281755197
NW-HLN	0	97	13.681073025335321
NW-HNL	0	146	26.974345718901453
NW-HOU	0	89	20.216923076923077
NW-HPN	0	158	23.365281777046484
NW-IAD	0	211	26.030873786407767
NW-IAH	0	207	25.22525573916316
NW-ICT	0	77	13.512605042016807
NW-IND	0	166	24.20089890846829
NW-JAC	0	169	28.013081395348838
NW-JAN	0	110	16.915764139590856
NW-JAX	0	132	22.750692986140276
NW-JFK	0	292	36.34795629299879
NW-KOA	0	88	21.27659574468085
NW-LAN	0	177	19.868840491543985
NW-LAS	0	171	25.729935207440693
NW-LAX	0	172	24.057615958167908
NW-LEX	0	100	21.277591973244146
NW-LGA	0	297	32.95240098783499
NW-LIT	0	147	19.117062827809395
NW-LSE	0	115	17.04344473007712
NW-MBS	0	166	20.395837311437845
NW-MCI	0	194	21.140329357726337
NW-MCO	0	201	25.407507658735156
NW-MDT	0	174	22.801590169859054
NW-MDW	0	219	24.548536157582298
NW-MEM	0	199	22.693470632226887
NW-MHT	0	197	25.983952276928246
NW-MIA	0	193	24.47297910990009
NW-MIB	0	33	12.617977528089888
NW-MKE	0	177	23.07946818227951
NW-MOT	0	293	17.010271206001153
NW-MSN	0	193	22.00890843051042
NW-MSO	0	148	20.379005948954134
NW-MSP	0	386	25.283258470248974
NW-MSY	0	162	19.529693716148206
NW-MYR	0	92	24.42526964560863
NW-OGG	0	82	19.17088345085027
NW-OKC	0	145	17.263645468202302
NW-OMA	0	208	19.500288483729516
NW-ONT	0	148	20.42552610002733
NW-ORD	0	241	25.015655129587866
NW-ORF	0	187	22.26347130027333
NW-PBI	0	139	24.337575236457436
NW-PDX	0	190	23.35267166488159
NW-PHL	0	279	29.913265306122447
NW-PHX	0	162	26.532074550834274
NW-PIT	0	192	25.462630998345283
NW-PLN	19	26	23.333333333333332
NW-PSP	0	88	20.13
NW-PVD	0	217	23.21578621117157
NW-PWM	0	138	23.430647291941877
NW-RAP	0	154	17.398283261802575
NW-RDU	0	148	22.644182581606394
NW-RIC	0	133	21.760690172543136
NW-RNO	0	107	22.361628525811604
NW-ROC	0	193	23.572497661365762
NW-RST	0	153	16.711916461916463
NW-RSW	0	277	23.916115063408597
NW-SAN	0	137	25.875056104129264
NW-SAT	0	136	20.820364036159297
NW-SAV	0	69	30.519774011299436
NW-SBN	0	53	17.726962457337883
NW-SDF	0	144	21.04309500489716
NW-SEA	0	183	25.273228542914172
NW-SFO	0	135	25.053509381514942
NW-SGF	0	124	18.28490566037736
NW-SJC	0	152	22.17833270273679
NW-SJU	0	138	30.596539162112933
NW-SLC	0	196	25.080128850412724
NW-SMF	0	105	20.994108570627017
NW-SNA	0	168	24.332531511594343
NW-SRQ	0	84	23.803194229778466
NW-STL	0	195	23.990788755458514
NW-STT	12	39	23.696969696969695
NW-SUX	0	77	14.74421965317919
NW-SYR	0	164	26.638010722869293
NW-TPA	0	220	23.12937826293308
NW-TUS	0	88	21.16437177280551
NW-TVC	0	141	23.20242040051866
NW-TYS	0	64	18.374449339207047
NW-VPS	0	161	18.573135649479973
NW-XNA	0	114	18.66062437059416
OH-ABE	0	1457	25.68440996030314
OH-ABY	0	1376	101.65
OH-ACK	18	86	33.214285714285715
OH-ACY	0	1459	23.88519885198852
OH-AGS	0	759	25.205882352941178
OH-ALB	0	929	20.33671782762692
OH-ATL	0	2780	33.147506482136244
OH-ATW	0	1456	24.78034682080925
OH-AUS	0	1449	21.01553637484587
OH-AVL	0	1452	23.07938044530494
OH-AVP	0	1468	25.93237440961786
OH-AZO	0	1455	17.08645229309436
OH-BDL	0	221	22.349354920313687
OH-BGM	0	1465	23.44636251541307
OH-BGR	0	1458	22.111148994203887
OH-BHM	0	1515	20.443400529052266
OH-BIL	0	1464	34.21493624772313
OH-BNA	0	1463	22.5385295299317
OH-BOS	0	1508	28.706113603145003
OH-BTR	0	111	20.342702702702702
OH-BTV	0	1513	27.49925838030258
OH-BUF	0	1467	30.096877823511697
OH-BWI	0	1538	26.036186406729872
OH-CAE	0	1460	22.203962524957763
OH-CAK	0	1506	24.739076923076922
OH-CHA	0	1449	15.196891191709845
OH-CHO	0	1459	18.416005519144534
OH-CHS	0	1460	22.84449297971919
OH-CID	0	1521	17.493561325733587
OH-CKB	9	1443	371.75
OH-CLE	0	1492	26.913038277511962
OH-CLT	0	1480	31.2648921602191
OH-CMH	0	1454	21.832188141956507
OH-CMI	0	437	15.398474178403756
OH-COS	0	1461	27.32685950413223
OH-CRW	0	1448	17.338111715274344
OH-CVG	0	2777	23.682590523374152
OH-DAB	0	1466	26.937921727395413
OH-DAY	0	1452	18.83934932320114
OH-DCA	0	2583	26.853270067698258
OH-DEN	0	223	20.603896103896105
OH-DFW	0	1453	23.3097748646338
OH-DSM	0	1470	21.464181091877496
OH-DTW	0	2855	26.83884297520661
OH-ERI	0	1499	23.687262872628725
OH-EVV	0	1549	21.42200695479384
OH-EWR	0	1510	28.820854566836534
OH-FLL	0	1471	27.782198246797034
OH-FNT	0	1458	28.454892341237393
OH-FSD	0	1454	17.279560566637755
OH-FWA	0	1500	19.959537572254334
OH-GNV	13	13	13.0
OH-GPT	0	94	20.058139534883722
OH-GRB	0	2844	21.913595021541408
OH-GRR	0	1597	24.033473684210527
OH-GSO	0	1463	24.133214920071048
OH-GSP	0	1465	23.342680371220435
OH-HLN	0	1424	29.308214528173796
OH-HOU	0	1459	24.39119804400978
OH-HPN	0	1477	29.10711030082042
OH-HSV	0	1464	23.70570221752904
OH-HTS	0	1445	15.407423392317652
OH-HVN	0	1450	20.11652794292509
OH-IAD	0	1522	29.2953119232189
OH-IAH	0	1458	23.56468023255814
OH-ICT	0	1470	26.590961098398168
OH-ILM	0	1445	19.304532577903682
OH-IND	0	1455	23.772682348290175
OH-ISP	0	1607	35.39654445849136
OH-JAN	0	1454	20.213072271811114
OH-JAX	0	1463	24.91330744407373
OH-JFK	0	1621	43.497233912359356
OH-LAN	0	1462	19.577220592157907
OH-LEX	0	1456	20.84281239122868
OH-LGA	0	1502	35.22018580015974
OH-LIT	0	1453	22.26536216958462
OH-MCI	0	1456	21.40321193002581
OH-MCN	10	22	16.333333333333332
OH-MCO	0	1505	23.515700085576988
OH-MDT	0	1610	24.047974719908073
OH-MDW	0	1478	32.992289156626505
OH-MEM	0	2751	23.482165809768638
OH-MHT	0	1449	23.893747975380627
OH-MIA	0	1457	24.705895691609978
OH-MKE	0	1462	20.840976460331298
OH-MLB	0	1157	20.416363636363638
OH-MLI	0	1633	26.723273657289003
OH-MOB	0	46	25.485148514851485
OH-MSN	0	1461	20.50353982300885
OH-MSP	0	1580	29.0159003008165
OH-MSY	0	1451	24.123756218905474
OH-MYR	0	1505	20.332584728460596
OH-OKC	0	1610	21.348297213622292
OH-OMA	0	1464	19.611954310749493
OH-ORD	0	1522	30.227395614298587
OH-ORF	0	1458	25.841816758026624
OH-PBI	0	1462	21.915160457395796
OH-PFN	0	1447	17.837728194726168
OH-PHF	0	87	19.501492537313432
OH-PHL	0	3925	32.65735366453517
OH-PHX	0	1316	30.146853146853147
OH-PIT	0	1463	25.023484660547425
OH-PNS	0	98	16.211550940947436
OH-PVD	0	1464	22.707508809975604
OH-PWM	0	1451	22.669155002592017
OH-RDU	0	1541	24.90925170559145
OH-RIC	0	1471	24.929186602870814
OH-RNO	14	27	17.333333333333332
OH-ROA	0	1458	20.088031914893616
OH-ROC	0	1560	31.875528755287554
OH-RSW	0	209	20.47441537392915
OH-SAT	0	1454	21.412536773025572
OH-SAV	0	1455	23.41325196163906
OH-SBA	0	582	20.069825436408976
OH-SBN	0	1542	20.01208114884887
OH-SCE	0	1456	19.745257452574524
OH-SDF	0	2829	23.31739039228026
OH-SEA	0	1229	34.53260869565217
OH-SFO	0	1385	30.89344262295082
OH-SGF	0	1447	18.762040393578456
OH-SHV	0	1444	29.79315589353612
OH-SLC	0	2831	73.3970893970894
OH-SRQ	0	1480	22.961144718473708
OH-STL	0	1653	25.204214559386973
OH-SWF	0	1469	30.91018998272884
OH-SYR	0	1547	24.677810692622373
OH-TLH	0	1332	18.17040731504572
OH-TOL	0	1454	19.165576154125773
OH-TPA	0	1454	21.672734026745914
OH-TRI	0	1463	20.004260263361736
OH-TTN	0	171	22.875436554132712
OH-TUL	0	1454	20.653654485049834
OH-TVC	0	55	16.546038543897215
OH-TYS	0	1466	22.593963613418865
OH-VPS	0	1462	36.61046511627907
OH-XNA	0	1454	23.838124476695505
OO-ABE	0	168	21.74981522542498
OO-ABI	0	1911	15.173360107095046
OO-ABQ	0	177	18.232469446129844
OO-ACT	0	81	14.262433392539965
OO-ACV	0	131	12.657086394294797
OO-ALB	0	149	23.20449438202247
OO-AMA	17	17	17.0
OO-ASE	0	198	19.911008167743507
OO-ATL	0	176	27.284569836293976
OO-ATW	0	147	19.254765050009436
OO-AUS	0	215	21.31471603388767
OO-AVP	0	131	23.570287539936103
OO-AZO	0	197	23.06601893373194
OO-BDL	0	99	17.34269119070668
OO-BFF	6	6	6.0
OO-BFL	0	1447	15.87554172685854
OO-BHM	0	190	22.886641271509262
OO-BIL	0	115	16.31447456188224
OO-BIS	0	151	17.671651495448636
OO-BLI	0	68	18.182795698924732
OO-BMI	0	183	23.259887005649716
OO-BNA	0	255	22.315520945220193
OO-BOI	0	297	16.712539013481774
OO-BPT	0	130	12.995331465919701
OO-BTM	0	130	14.89214627372319
OO-BTR	15	15	15.0
OO-BTV	0	164	22.657728706624606
OO-BUF	0	151	25.03049421661409
OO-BUR	0	128	18.827387387387386
OO-BWI	0	154	17.44080996884735
OO-BZN	0	206	19.120416500597848
OO-CAK	0	143	26.546543778801844
OO-CDC	0	167	13.274193548387096
OO-CEC	0	120	13.461746031746031
OO-CHS	0	167	23.843109540636043
OO-CIC	0	153	14.82151724137931
OO-CID	0	203	20.84208194905869
OO-CLD	0	85	13.33830467204383
OO-CLE	0	233	25.36184020767234
OO-CLL	0	121	14.659907506225542
OO-CLT	0	59	26.013123359580053
OO-CMH	0	138	20.176905429518225
OO-COD	0	141	14.804816223067174
OO-COS	0	263	21.964451511964914
OO-CPR	0	145	15.300704486466444
OO-CRW	0	253	22.7782302850796
OO-CVG	0	211	26.887924230465668
OO-CWA	0	171	20.178031849734584
OO-CYS	8	18	13.0
OO-DAB	0	76	23.49206349206349
OO-DAY	0	155	25.47218077169047
OO-DEN	0	1459	20.735376799044612
OO-DFW	0	1466	24.086314324572225
OO-DRO	0	111	17.08
OO-DSM	0	237	20.787346494637028
OO-DTW	0	273	27.864367816091953
OO-EKO	0	111	12.575017609767551
OO-ELP	0	148	18.424885195713973
OO-EUG	0	181	14.522415124752342
OO-EWR	0	234	32.7686230248307
OO-FAR	0	200	21.43163475233423
OO-FAT	0	438	15.184538255770695
OO-FCA	0	155	17.56570433051269
OO-FLL	0	36	25.805194805194805
OO-FMN	8	20	13.0
OO-FNT	6	57	14.711063372717508
OO-FSD	0	177	20.868259657506968
OO-FWA	0	189	22.943199583116208
OO-GCC	8	84	19.023121387283236
OO-GEG	0	142	14.086545536876663
OO-GJT	0	1050	14.674051139699994
OO-GRB	0	224	20.633671925653772
OO-GRK	0	97	14.61863488624052
OO-GRR	0	220	20.882468996617813
OO-GSO	0	112	23.13628472222222
OO-GSP	0	231	25.629582806573957
OO-GTF	0	157	15.796054724785238
OO-GUC	0	160	30.792270531400966
OO-HDN	0	148	21.867069486404834
OO-HLN	0	108	16.055039479795635
OO-HOU	0	139	23.64720194647202
OO-HPN	0	225	29.40580423020167
OO-HSV	0	97	22.757630161579893
OO-IAD	21	123	40.857142857142854
OO-IAH	0	287	19.80101354026447
OO-ICT	0	233	20.681669010782933
OO-IDA	0	281	15.873010535754315
OO-ILE	0	131	15.080601826974744
OO-IND	0	209	23.606922851276035
OO-IPL	0	92	13.930191353649894
OO-IYK	0	359	17.579198945112907
OO-JAC	0	143	15.935594343791427
OO-JAN	0	106	18.308026030368765
OO-JAX	0	126	21.471512770137526
OO-LAN	0	181	23.510024301336575
OO-LAS	0	664	17.89391488302638
OO-LAX	0	1451	17.590991197140372
OO-LBB	12	12	12.0
OO-LEX	0	216	23.879438920454547
OO-LGB	0	197	21.87130647130647
OO-LIT	0	113	20.827833572453372
OO-LMT	4	76	17.565040650406505
OO-LNK	0	180	19.909254962619233
OO-LWS	0	106	17.554585152838428
OO-MBS	0	192	23.385669125395154
OO-MCI	0	219	20.544702116030297
OO-MDT	0	154	24.28358208955224
OO-MEM	0	252	23.725960784313724
OO-MFR	0	1282	13.71233640568111
OO-MGM	0	50	16.936842105263157
OO-MKC	22	22	22.0
OO-MKE	0	197	21.7447661184316
OO-MKG	6	35	12.566666666666666
OO-MLI	0	171	20.812694918363604
OO-MLU	0	109	14.538983050847458
OO-MOB	0	86	22.772727272727273
OO-MOD	0	555	15.430680955193655
OO-MRY	0	485	15.284818106337834
OO-MSN	0	235	22.728798321845968
OO-MSO	0	136	16.902533369654044
OO-MSP	0	198	23.236529041287614
OO-MSY	0	78	21.444367176634213
OO-MTJ	0	104	15.539042029137407
OO-OAK	0	104	20.321819814426817
OO-OGD	5	21	13.666666666666666
OO-OKC	0	218	19.355308124793297
OO-OMA	0	737	19.979017754207977
OO-ONT	0	183	17.399047706254006
OO-ORD	0	1344	24.373045432239067
OO-ORF	0	189	22.38292780215397
OO-OTH	7	91	17.660642570281123
OO-OXR	0	103	16.704322096586708
OO-PDX	0	1095	12.681627458388848
OO-PFN	0	46	17.30472103004292
OO-PHL	0	224	26.75185936443543
OO-PHX	0	124	20.51547166659707
OO-PIA	0	272	23.215413184772515
OO-PIH	0	134	14.352571115973742
OO-PIT	0	175	23.395512454839324
OO-PMD	0	114	18.660600545950864
OO-PNS	0	113	19.68553459119497
OO-PSC	0	144	15.968383177018817
OO-PSP	0	667	15.383018968456948
OO-PUB	0	14	9.0
OO-PVD	0	217	27.816666666666666
OO-PVU	0	0	0.0
OO-PWM	0	153	27.483870967741936
OO-RAP	0	187	17.379155792579144
OO-RDD	0	97	14.23196448390677
OO-RDM	0	161	14.005289619775846
OO-RDU	0	110	22.47731629392971
OO-RFD	0	93	23.740192926045015
OO-RIC	12	43	19.821428571428573
OO-RKS	7	161	17.0126582278481
OO-RNO	0	628	15.932247784520015
OO-ROA	0	170	21.996757194973654
OO-ROC	0	65	22.70945945945946
OO-SAN	0	121	16.235503160045113
OO-SAT	0	201	19.976416613007082
OO-SAV	0	287	24.776959722823733
OO-SBA	0	170	14.963432673911758
OO-SBN	0	221	22.183063511830635
OO-SBP	0	93	16.075107594058032
OO-SDF	0	201	24.768222768222767
OO-SEA	0	460	13.772688776720079
OO-SFO	0	706	18.672853694467616
OO-SGF	0	219	20.927186089282728
OO-SGU	0	505	14.50454427421449
OO-SHV	0	67	16.753246753246753
OO-SJC	0	212	18.84359039836568
OO-SJT	0	77	14.613728129205922
OO-SLC	0	1460	21.30108810716402
OO-SLE	0	48	20.893303064699204
OO-SMF	0	184	17.01896087529358
OO-SMX	0	107	16.94407894736842
OO-SNA	0	141	17.515316972239784
OO-SPI	0	229	21.484007925275968
OO-STL	0	139	22.221251819505095
OO-SUN	0	1020	13.318404974907265
OO-SUX	22	22	22.0
OO-SYR	0	165	25.254763998827322
OO-TLH	0	1221	21.72651605231867
OO-TUL	0	186	19.691516084596064
OO-TUS	0	187	17.606555674777614
OO-TVC	0	249	21.9394776494224
OO-TWF	0	167	13.963191679531974
OO-TXK	0	85	13.842592592592593
OO-TYR	0	50	14.12618928392589
OO-TYS	0	223	23.447099633840818
OO-VCT	0	71	14.3267776096823
OO-VIS	0	37	9.462117410938284
OO-VPS	0	83	20.977443609022558
OO-WYS	0	37	12.81361128142244
OO-XNA	0	202	22.06617832786057
OO-YKM	0	66	18.10174029451138
OO-YUM	0	141	14.934863734026914
TW-ABQ	0	80	18.578648495173198
TW-ANC	0	58	21.373949579831933
TW-ATL	0	112	21.924335378323107
TW-AUS	0	161	18.261756373937676
TW-BDL	0	200	20.20136518771331
TW-BNA	0	120	19.308142369575815
TW-BOS	0	141	26.681988742964354
TW-BWI	0	185	21.71212814645309
TW-CID	0	190	15.973462002412544
TW-CLE	0	156	21.8193465727098
TW-CLT	0	98	21.050913838120106
TW-CMH	0	108	17.893546867640133
TW-COS	0	104	21.908536585365855
TW-CVG	0	164	20.1646803900325
TW-DAY	0	154	19.265560165975103
TW-DCA	0	141	21.88976689055709
TW-DEN	0	134	21.88833858622242
TW-DFW	0	239	20.943764568764568
TW-DSM	0	72	16.37312711454809
TW-DTW	0	305	26.609345794392524
TW-ELP	0	71	18.69945355191257
TW-EWR	0	442	31.650635208711435
TW-FLL	0	118	21.362113402061855
TW-FSD	0	87	17.593077642656688
TW-HDN	0	67	22.602040816326532
TW-HNL	0	49	20.390243902439025
TW-IAD	0	131	23.75033467202142
TW-IAH	0	72	19.504950495049506
TW-ICT	0	113	17.80252918287938
TW-IND	0	140	22.084254143646408
TW-JAX	0	164	18.91109074243813
TW-JFK	0	414	30.090632539599287
TW-KOA	0	60	18.477551020408164
TW-LAS	0	116	21.171212121212122
TW-LAX	0	162	20.849622390048868
TW-LGA	0	334	34.76067348165965
TW-LIT	0	172	16.836081474296797
TW-LNK	0	93	15.060015588464536
TW-MCI	0	139	19.75868106215349
TW-MCO	0	147	20.44370404411765
TW-MDT	0	83	17.793388429752067
TW-MFE	0	70	13.942622950819672
TW-MIA	0	160	23.55478927203065
TW-MKE	0	144	17.505904581955598
TW-MLI	0	196	15.2579001019368
TW-MSP	0	163	25.12560096153846
TW-MSY	0	65	16.78688524590164
TW-OGG	0	43	14.61952861952862
TW-OKC	0	111	17.785578747628083
TW-OMA	0	72	17.11058150619638
TW-ONT	0	70	20.689880304678997
TW-ORD	0	205	25.237762237762237
TW-ORF	0	123	17.604779411764707
TW-PBI	0	82	17.722543352601157
TW-PDX	0	96	21.500954805856143
TW-PHL	0	212	29.218401937046004
TW-PHX	0	105	20.666969559291232
TW-PIA	0	36	15.882352941176471
TW-PIT	0	97	22.791880781089414
TW-PWM	0	201	13.838815789473685
TW-RDU	0	122	18.847033595425305
TW-RIC	0	119	20.831099195710454
TW-RNO	9	46	16.950413223140497
TW-RSW	0	55	17.51615969581749
TW-SAN	0	99	20.892248488180318
TW-SAT	0	80	18.350609756097562
TW-SDF	0	111	17.431704260651628
TW-SEA	0	87	21.449676823638043
TW-SFO	0	80	21.721895664952243
TW-SGF	0	191	15.465375302663439
TW-SHV	0	47	14.307073954983922
TW-SJC	0	67	22.940996948118006
TW-SJU	0	86	22.61678104936905
TW-SLC	0	134	23.6021897810219
TW-SMF	0	77	19.955259975816205
TW-SNA	0	231	24.452173913043477
TW-SRQ	9	132	16.561068702290076
TW-STL	0	324	23.886755806005237
TW-TPA	0	88	19.571098799630654
TW-TUL	0	138	19.827190043082815
TW-TYS	0	150	14.79672131147541
TZ-ABQ	22	22	22.0
TZ-BOS	0	205	28.770014556040756
TZ-BWI	18	23	20.5
TZ-CLT	0	206	26.239404352806414
TZ-DCA	0	188	22.3188320595728
TZ-DEN	0	217	23.06130191693291
TZ-DFW	0	214	23.432601880877744
TZ-EWR	0	242	33.18738859180036
TZ-FLL	0	201	25.82180663373324
TZ-HNL	0	88	23.11269199676637
TZ-HOU	0	79	22.864814814814814
TZ-IND	0	215	19.974441112322793
TZ-ITO	12	35	19.554166666666667
TZ-KOA	13	47	25.130434782608695
TZ-LAS	0	143	26.123506708325674
TZ-LAX	0	211	20.42960288808664
TZ-LGA	0	331	31.80715811965812
TZ-LIH	10	57	18.74418604651163
TZ-MCO	0	166	21.65552305335005
TZ-MDW	0	274	24.810694173990843
TZ-MIA	0	138	27.46706231454006
TZ-MSP	0	223	25.75727994705493
TZ-OAK	0	69	19.936
TZ-OGG	0	72	17.07844803171906
TZ-ONT	0	172	21.528225806451612
TZ-ORD	0	0	0.0
TZ-PHL	0	255	32.92173913043478
TZ-PHX	0	261	23.174480228291888
TZ-PIE	0	194	20.333967287942183
TZ-PIT	0	185	25.211142061281336
TZ-RSW	0	96	20.64167086059386
TZ-SEA	0	242	24.050449745795856
TZ-SFO	0	156	20.745882918620026
TZ-SJC	0	207	22.53498385360603
TZ-SJU	0	114	21.952899961074348
TZ-SRQ	0	204	19.799850074962517
TZ-TPA	27	27	27.0
UA-ABE	0	117	19.028735632183906
UA-ABQ	0	273	17.982994090610635
UA-ALB	0	235	22.024586431932008
UA-ANC	0	115	19.514092099183735
UA-ATL	0	252	27.679945961230324
UA-AUS	0	228	19.132299892756166
UA-BDL	0	264	23.454218632106876
UA-BHM	0	48	18.473186119873816
UA-BIL	0	181	17.794704151683558
UA-BNA	0	148	20.049171270718233
UA-BOI	0	213	17.96600607550991
UA-BOS	0	268	25.355110460627152
UA-BTV	0	204	20.01725296885503
UA-BUF	0	314	21.17439293598234
UA-BUR	0	187	17.38685514075148
UA-BWI	0	332	22.799044776119402
UA-BZN	11	95	21.933649289099527
UA-CID	0	126	17.645124062319677
UA-CLE	0	238	27.09923835125448
UA-CLT	0	267	27.141104294478527
UA-CMH	0	294	24.795031055900623
UA-COS	0	148	20.560214302352666
UA-CVG	0	256	27.09420551740754
UA-DAY	0	209	26.960566382460414
UA-DCA	0	295	24.689572285275315
UA-DEN	0	276	20.590327302170596
UA-DFW	0	304	23.14742425191589
UA-DSM	0	262	20.026694045174537
UA-DTW	0	400	26.378215499110176
UA-EGE	0	183	26.59921524663677
UA-EUG	0	73	14.772363818090955
UA-EWR	0	302	31.490564300837708
UA-FLL	0	277	26.060106753307032
UA-FSD	0	167	18.712218649517684
UA-GEG	0	168	19.01277544371088
UA-GRR	0	207	21.30109765329296
UA-GSO	0	210	24.730808950086058
UA-GUC	0	85	21.55944055944056
UA-HDN	0	105	27.372465314834578
UA-HNL	0	126	23.61397931966824
UA-HPN	0	246	22.12273276904474
UA-IAD	0	321	25.049705865716387
UA-IAH	0	243	22.779832913793733
UA-ICT	0	126	19.122571692876967
UA-IND	0	274	24.067640820174404
UA-JAC	0	176	23.52768616559625
UA-JAX	0	155	23.06595744680851
UA-JFK	0	351	35.5561169430001
UA-KOA	0	106	18.03725858827551
UA-LAS	0	242	24.134425352952668
UA-LAX	0	290	23.127535246501008
UA-LGA	0	379	33.14306282094351
UA-LIH	0	129	14.949779735682819
UA-LNK	0	155	18.732876712328768
UA-MBS	0	122	17.23617021276596
UA-MCI	0	345	21.151686143572622
UA-MCO	0	208	22.353148798553395
UA-MDT	0	161	20.020309638754785
UA-MDW	0	178	23.916207276736493
UA-MEM	0	79	19.998810232004757
UA-MFR	0	112	15.326893939393939
UA-MHT	0	242	23.82401157184185
UA-MIA	0	236	23.95384801256494
UA-MKE	0	131	17.77456647398844
UA-MRY	0	64	12.372434017595308
UA-MSN	0	72	16.5
UA-MSO	12	107	20.382978723404257
UA-MSP	0	330	24.096175321049692
UA-MSY	0	195	18.978305621536027
UA-MTJ	0	52	20.976076555023923
UA-OAK	0	234	20.85635876408485
UA-OGG	0	150	18.69353021407816
UA-OKC	0	164	17.41325411334552
UA-OMA	0	183	19.96389943931995
UA-ONT	0	202	18.734491156113815
UA-ORD	0	392	25.172999207872937
UA-ORF	0	99	18.189616252821672
UA-PBI	0	1514	22.44716529145595
UA-PDX	0	279	18.648021199377844
UA-PHL	0	294	30.41077416795875
UA-PHX	0	231	21.488734283319364
UA-PIT	0	291	26.37828766369539
UA-PSP	0	118	20.064343163538872
UA-PVD	0	244	21.749057573680602
UA-PWM	0	207	18.555963302752293
UA-RAP	7	93	22.18918918918919
UA-RDU	0	230	22.485641352903638
UA-RIC	0	271	20.591353232498996
UA-RNO	0	152	19.37837049142057
UA-ROC	0	269	21.627408572552103
UA-RSW	0	252	23.44660704892162
UA-SAN	0	207	21.184051248691915
UA-SAT	0	214	19.395610080555763
UA-SBA	0	80	12.707804690503652
UA-SDF	0	46	19.0251572327044
UA-SEA	0	262	21.63249474595129
UA-SFO	0	228	23.789772008149836
UA-SJC	0	195	22.698692183094366
UA-SJU	0	152	26.522161853016872
UA-SLC	0	230	22.302924393723252
UA-SMF	0	231	20.36957090909091
UA-SNA	0	388	23.575962789800936
UA-STL	0	227	22.46629213483146
UA-STT	0	170	22.05251312828207
UA-SYR	0	88	21.149810964083176
UA-TPA	0	292	21.70510600764431
UA-TUL	0	116	18.371128539146618
UA-TUS	0	168	18.0671824502987
UA-TYS	0	83	19.21650485436893
US-ABE	0	207	17.93519882179676
US-ABI	22	22	22.0
US-ABQ	0	135	22.877470355731226
US-AGS	8	34	17.4
US-ALB	0	224	18.484406764998486
US-ANC	0	83	21.72157515252357
US-ATL	0	203	24.251877403992918
US-AUS	0	81	23.44703196347032
US-AVL	0	74	16.92550702028081
US-AVP	0	163	15.90072258875275
US-BDL	0	216	19.286793633762517
US-BGM	0	114	16.2964824120603
US-BGR	40	40	40.0
US-BHM	0	132	15.62624967956934
US-BNA	0	182	18.450374798367967
US-BOI	0	92	19.861302276336687
US-BOS	0	307	22.922969525648096
US-BTV	0	220	18.794739470617614
US-BUF	0	206	17.736529393272555
US-BUR	0	113	18.864901106268857
US-BWI	0	257	18.93005081909324
US-CAE	0	92	15.440814393939394
US-CAK	0	122	14.974334600760455
US-CHA	0	55	13.533953488372093
US-CHS	0	197	16.678843010447018
US-CLE	0	153	20.657129499766246
US-CLT	0	343	22.495068891128625
US-CMH	0	204	18.943853226630342
US-CRW	0	57	13.408376963350785
US-CVG	0	0	0.0
US-DAB	11	31	17.59090909090909
US-DAY	0	172	18.028059236165237
US-DCA	0	292	20.581226378779395
US-DEN	0	184	21.04576082690043
US-DFW	0	293	23.16210760591082
US-DTW	0	230	22.684911021384778
US-EGE	0	118	26.93006993006993
US-ELM	0	121	13.692745376955903
US-ELP	0	92	21.58590806330068
US-ERI	0	52	14.323287671232876
US-EWR	0	294	27.46263936363927
US-EYW	0	38	9.112280701754386
US-FAT	0	61	20.971978984238177
US-FAY	0	58	12.777934936350778
US-FCA	8	33	15.761194029850746
US-FLL	0	262	21.11204559033044
US-GEG	0	199	19.349237579931135
US-GRR	0	49	13.571976967370441
US-GSO	0	210	19.164248704663212
US-GSP	0	179	16.14743826022853
US-HNL	0	60	22.57515923566879
US-HPN	0	217	19.278557114228455
US-HSV	0	190	13.53929539295393
US-IAD	0	215	22.59245875883739
US-IAH	0	213	22.109808518952715
US-ILM	0	190	15.558130662851694
US-IND	0	162	18.988057324840764
US-ITH	0	87	15.948827292110874
US-JAX	0	281	17.22152918094234
US-JFK	0	278	40.592095668659766
US-KOA	0	72	17.618778280542987
US-LAS	0	236	26.117755434198894
US-LAX	0	218	20.13237047043865
US-LEX	0	66	13.793103448275861
US-LGA	0	320	28.495680749187276
US-LGB	0	150	27.739837398373982
US-LIH	0	56	17.570737605804112
US-LWB	0	29	13.670731707317072
US-MCI	0	211	18.995854922279793
US-MCO	0	206	19.958572624001285
US-MDT	0	193	18.101380452788515
US-MDW	0	199	19.866566151526573
US-MEM	0	170	16.14428857715431
US-MHT	0	215	18.983724557124006
US-MIA	0	221	22.309245818870306
US-MKE	0	140	19.68009708737864
US-MSP	0	274	24.346976885030788
US-MSY	0	192	17.41739470132822
US-MYR	0	190	16.475598383587194
US-OAK	0	94	19.27145884846344
US-OGG	0	74	16.389840182648403
US-OMA	0	91	19.915555555555557
US-ONT	0	187	21.608202071803603
US-ORD	0	330	24.4572260009817
US-ORF	0	183	17.340461075843635
US-PBI	0	224	18.175836364105344
US-PDX	0	128	17.62338960462017
US-PHL	0	402	28.430881147748313
US-PHX	0	334	23.822664917315333
US-PIT	0	308	20.972889708423082
US-PNS	0	176	15.981814381270903
US-PVD	0	251	18.55207728571097
US-PWM	0	189	17.88126585336393
US-RDU	0	235	18.686745618621146
US-RIC	0	207	17.920781268955476
US-RNO	0	102	17.85427135678392
US-ROA	0	82	14.606675687866487
US-ROC	0	163	18.700727091080648
US-RSW	0	239	18.251555015371416
US-SAN	0	253	23.1125
US-SAT	0	103	23.13407455853499
US-SAV	0	163	16.791850945704336
US-SBN	0	147	15.7620103473762
US-SDF	0	185	17.634527089072545
US-SEA	0	173	21.792942053597315
US-SFO	0	172	22.566341041177196
US-SJC	0	124	20.52561648463011
US-SJU	0	138	23.382440306180737
US-SLC	0	123	21.191196172248805
US-SMF	0	119	18.07541276215975
US-SNA	0	188	23.276592908557717
US-SRQ	0	172	16.265060240963855
US-STL	0	199	22.22284946236559
US-STT	0	173	18.098494703586695
US-STX	0	158	22.07292539815591
US-SYR	0	167	19.24366481836555
US-TOL	0	62	15.680355160932297
US-TPA	0	174	18.818050357264376
US-TRI	0	83	12.22048611111111
US-TUS	0	102	19.29539641943734
US-TYS	0	34	14.022398843930636
WN-ABQ	0	195	12.927150957350644
WN-ALB	0	221	13.231722428748451
WN-AMA	0	142	10.510307390015653
WN-AUS	0	185	12.654341133004927
WN-BDL	0	175	14.137549188269958
WN-BHM	0	216	12.180065340411877
WN-BNA	0	232	13.26756150985686
WN-BOI	0	80	11.744265130815954
WN-BUF	0	145	12.972234582183857
WN-BUR	0	193	14.008749709118712
WN-BWI	0	282	14.572371614406368
WN-CLE	0	164	15.068742549579165
WN-CMH	0	210	12.589547731552209
WN-CRP	0	154	11.226447497546614
WN-DAL	0	245	11.67500814086014
WN-DEN	0	219	17.338015344079356
WN-DTW	0	199	16.230173181192846
WN-ELP	0	204	12.231483949959022
WN-FLL	0	210	18.095270534165326
WN-GEG	0	116	12.637825025814324
WN-HOU	0	235	11.736826850917371
WN-HRL	0	112	10.10505741509895
WN-IAD	0	148	17.67215092683997
WN-IAH	0	127	12.685989776951672
WN-IND	0	152	14.816890522841685
WN-ISP	0	255	12.880757291125411
WN-JAN	0	309	11.635015415837334
WN-JAX	0	174	12.780629278656459
WN-LAS	0	195	17.78934659622093
WN-LAX	0	181	13.175279005851321
WN-LBB	0	164	10.646430075821398
WN-LIT	0	97	11.074826043737575
WN-MAF	0	105	10.682835923154924
WN-MCI	0	215	13.488218413092376
WN-MCO	0	212	14.653210535752551
WN-MDW	0	262	15.627917984099133
WN-MHT	0	194	14.38628816126777
WN-MSY	0	164	11.43328025477707
WN-OAK	0	221	13.446424882616002
WN-OKC	0	121	11.272107160528734
WN-OMA	0	128	12.74143021568333
WN-ONT	0	191	12.268316407921871
WN-ORF	0	176	12.896877022102647
WN-PBI	0	154	13.833231345163961
WN-PDX	0	221	12.779121802513044
WN-PHL	0	320	25.499257825814468
WN-PHX	0	243	15.338238830646677
WN-PIT	0	209	17.477762109836505
WN-PVD	0	183	14.431244905222792
WN-RDU	0	172	13.61422329321933
WN-RNO	0	208	12.808406228131561
WN-RSW	0	141	14.459871859720115
WN-SAN	0	184	14.882264901948094
WN-SAT	0	139	11.56378177575832
WN-SDF	0	182	12.52656565472834
WN-SEA	0	149	16.02381463973643
WN-SFO	0	189	17.125938821188758
WN-SJC	0	164	14.260195061296653
WN-SLC	0	253	16.704080662859315
WN-SMF	0	206	12.528835424041866
WN-SNA	0	152	14.020729665071771
WN-STL	0	203	14.232058312088679
WN-TPA	0	152	14.069873412273576
WN-TUL	0	145	11.495183962424695
WN-TUS	0	111	13.24281243667965
XE-ABE	0	187	19.917208347588094
XE-ABI	0	60	19.055172413793102
XE-ABQ	0	188	20.21891288160834
XE-ACK	0	221	26.211267605633804
XE-AEX	0	203	21.65038801177415
XE-AGS	0	259	23.417835671342687
XE-ALB	0	265	24.962926136363638
XE-AMA	0	328	21.16062104973894
XE-ATL	0	264	27.984861625798313
XE-AUS	0	143	19.618679050567597
XE-AVL	0	431	27.236209335219236
XE-BDL	0	267	25.321481924111144
XE-BFL	0	331	19.672285714285714
XE-BGR	0	304	32.87822497420021
XE-BHM	0	317	23.696321111731496
XE-BIL	0	43	18.696428571428573
XE-BNA	0	274	24.072658977083016
XE-BOI	0	104	19.497896950578337
XE-BOS	0	166	27.13080339119903
XE-BPT	0	163	18.283738674296615
XE-BRO	0	280	21.97828947368421
XE-BTR	0	275	22.066231697139823
XE-BTV	0	309	25.229886096546736
XE-BUF	0	262	23.268281882591094
XE-BWI	0	195	24.654472924800544
XE-CAE	0	185	23.827073552425666
XE-CHA	0	267	22.50576441102757
XE-CHS	0	257	25.143667481662593
XE-CLE	0	232	22.944690853022898
XE-CLL	0	311	19.00606323083586
XE-CLT	0	406	29.357622897690444
XE-CMH	0	271	21.747866666666667
XE-COS	0	272	24.83228840125392
XE-CRP	0	253	21.994153239513224
XE-CRW	0	124	21.30155083285468
XE-CVG	0	293	27.324345231517295
XE-DAB	0	269	25.32092586800125
XE-DAL	0	255	22.24269394870854
XE-DAY	0	339	23.68590373280943
XE-DCA	0	209	25.102631258374956
XE-DEN	0	97	23.379961143491535
XE-DFW	0	238	25.426140231449967
XE-DRO	9	73	19.348314606741575
XE-DSM	0	170	23.057803468208093
XE-DTW	0	270	29.050918951491415
XE-EFD	0	163	17.42695356738392
XE-ELP	0	168	22.44950783813343
XE-ERI	0	60	16.266949152542374
XE-EUG	0	62	20.683010262257696
XE-EWR	0	419	33.138586472081684
XE-FAT	0	138	14.855947136563877
XE-FCA	0	105	18.845794392523363
XE-FLL	19	39	25.571428571428573
XE-GEG	0	105	18.542488434380328
XE-GPT	0	307	21.306465705548273
XE-GRK	0	206	25.774539877300615
XE-GRR	0	289	22.714869559294325
XE-GSO	0	308	24.257172557172556
XE-GSP	0	1470	21.719138653969157
XE-GUC	0	47	20.9937106918239
XE-HDN	0	74	22.901785714285715
XE-HOU	0	51	22.523622047244096
XE-HPN	0	206	23.175240485152656
XE-HRL	0	211	21.728959331613222
XE-HSV	0	271	23.527316875758803
XE-IAD	0	329	30.766670879144023
XE-IAH	0	1535	24.321050516133578
XE-ICT	0	250	22.577854246036622
XE-IDA	6	43	16.43217665615142
XE-ILE	0	56	17.571428571428573
XE-IND	0	315	24.024096918247338
XE-ISP	0	173	22.08854489164087
XE-JAN	0	196	21.822044866264022
XE-JAX	0	256	22.343020453136837
XE-JFK	0	258	41.824960338445266
XE-LAS	0	158	29.982926829268294
XE-LAX	0	149	24.54904513888889
XE-LBB	0	267	22.492333901192506
XE-LCH	0	339	22.922431077694235
XE-LEX	0	280	24.351120857699804
XE-LFT	0	446	22.44808935920047
XE-LGA	0	329	32.39337118711211
XE-LGB	0	55	17.171287738755392
XE-LIT	0	473	23.076510399471772
XE-LRD	0	262	21.279908972691807
XE-MAF	0	206	21.174271577789995
XE-MCI	0	241	21.20921825576141
XE-MCO	0	137	25.809443507588533
XE-MDT	0	229	20.64321608040201
XE-MDW	0	197	23.111926107036133
XE-MEM	0	312	26.37630173204554
XE-MFE	0	250	21.13437248051599
XE-MGM	0	189	22.535820895522388
XE-MHT	0	234	26.298452824975826
XE-MIA	0	171	23.15973597359736
XE-MKE	0	235	24.07282549520499
XE-MLU	0	256	17.707189996526573
XE-MOB	0	216	21.764332679663166
XE-MRY	0	39	12.827290076335878
XE-MSN	0	250	22.253282653766412
XE-MSP	0	240	27.47420161712524
XE-MSY	0	244	17.521480709071948
XE-MTJ	0	112	23.721556886227546
XE-MYR	0	158	21.79416282642089
XE-OAK	0	119	28.175062972292192
XE-OKC	0	291	21.23241084165478
XE-OMA	0	264	24.150894988066828
XE-ONT	0	111	17.842720588235295
XE-ORD	0	258	26.17017310252996
XE-ORF	0	318	22.69647355163728
XE-PBI	0	170	21.138903394255873
XE-PDX	11	147	27.5
XE-PHL	0	338	29.798080518509284
XE-PHX	0	215	24.354885354265647
XE-PIT	0	299	28.261497797356828
XE-PNS	0	232	20.071625706400315
XE-PSP	0	95	21.096600471221812
XE-PUB	23	49	36.0
XE-PVD	0	1450	24.291807618767464
XE-PWM	0	357	25.156186383171228
XE-RAP	0	58	25.085714285714285
XE-RDU	0	339	22.94855034687412
XE-RIC	0	240	24.495536142843427
XE-RNO	0	135	22.662785862785864
XE-ROC	0	293	24.33949635520212
XE-RSW	0	161	22.4327251995439
XE-SAN	0	92	16.394224571354904
XE-SAT	0	132	18.05097676569183
XE-SAV	0	399	25.566682264857278
XE-SBA	0	29	13.267676767676768
XE-SBN	0	75	20.522727272727273
XE-SDF	0	280	23.6588785046729
XE-SEA	0	121	29.345625451916124
XE-SFO	0	133	31.480271531607976
XE-SHV	0	273	19.146088491669424
XE-SJC	0	142	27.36901595744681
XE-SJT	0	82	19.571428571428573
XE-SLC	0	179	26.78181818181818
XE-SMF	0	149	19.988846608056686
XE-SRQ	0	158	21.51175917215428
XE-STL	0	206	23.65863733027973
XE-SYR	0	285	25.31425814592147
XE-TLH	0	229	19.476762080640196
XE-TPA	0	81	22.018260869565218
XE-TUL	0	371	20.904633697038403
XE-TUS	0	204	18.757359009628612
XE-TWF	5	5	5.0
XE-TXK	0	78	18.863636363636363
XE-TYR	0	48	18.930635838150287
XE-TYS	0	219	22.697884042471927
XE-VCT	0	90	17.313852813852815
XE-VPS	0	233	21.982096069868994
XE-XNA	0	250	22.713998996487707
YV-ABE	0	115	21.028708133971293
YV-ABQ	0	112	21.784246575342465
YV-AGS	11	40	21.928571428571427
YV-ALB	0	93	22.970042796005707
YV-ASE	0	132	17.136058032554846
YV-ATL	0	225	29.098088216918654
YV-ATW	0	245	21.001712328767123
YV-AUS	0	107	22.301345020401996
YV-AVL	0	31	19.88888888888889
YV-AVP	0	162	21.602459016393443
YV-BDL	0	296	23.904826958105648
YV-BFL	0	136	19.17023394723743
YV-BHM	0	214	22.861566018423748
YV-BIL	0	35	17.46153846153846
YV-BMI	0	221	23.54630205096333
YV-BNA	0	221	23.386224007561438
YV-BOI	0	51	19.385113268608414
YV-BOS	0	150	25.533137359700696
YV-BTV	0	44	18.384615384615383
YV-BUF	0	150	22.115053218449063
YV-BUR	0	164	21.01869488536155
YV-BWI	0	140	21.84962962962963
YV-CAE	0	204	22.179349980182323
YV-CAK	0	161	23.925263157894737
YV-CHA	0	29	16.866666666666667
YV-CHO	0	51	20.21212121212121
YV-CHS	0	149	21.79007784668162
YV-CID	0	154	22.340653454740224
YV-CLD	0	65	18.426291079812206
YV-CLE	0	148	24.368340425531915
YV-CLT	0	203	27.786971041940753
YV-CMH	0	76	21.924428822495607
YV-COD	0	198	22.61384335154827
YV-COS	0	146	21.806996512641675
YV-CPR	0	184	20.099266503667483
YV-CRW	0	36	22.037037037037038
YV-CVG	0	36	25.3
YV-CWA	0	118	19.590461771385314
YV-DAB	0	65	18.11085972850679
YV-DAY	5	60	24.239436619718308
YV-DCA	0	48	21.848039215686274
YV-DEN	0	154	20.18099006256901
YV-DFW	0	139	25.620467365028205
YV-DRO	0	118	19.643971246439712
YV-DSM	0	167	22.773355676581485
YV-DTW	0	177	25.009131633356304
YV-EGE	0	187	21.278025851938896
YV-ELP	0	119	23.283362727807173
YV-EUG	0	95	17.507287259050305
YV-EWR	0	202	29.661315496098105
YV-FAT	0	128	18.732367292621618
YV-FAY	10	78	24.03030303030303
YV-FCA	0	33	16.533333333333335
YV-FLG	0	210	19.60658162322056
YV-FSD	0	187	20.925309229305423
YV-FWA	0	199	21.225993377483444
YV-GCC	8	123	22.247800586510262
YV-GEG	0	77	18.18546365914787
YV-GJT	0	148	19.965092402464066
YV-GNV	7	36	20.862068965517242
YV-GRB	0	150	19.879983388704318
YV-GRR	0	171	23.068833652007648
YV-GSO	0	149	23.228425501937302
YV-GSP	0	217	23.089461954791467
YV-GUC	0	97	18.641064068939677
YV-HDN	0	94	21.975026014568158
YV-HNL	0	76	16.044015634353322
YV-HSV	0	128	21.429029671210905
YV-IAD	0	223	25.216767654511404
YV-IAH	0	190	25.59253547193091
YV-ICT	0	138	23.045858680393074
YV-ILM	0	144	20.21048632218845
YV-IND	0	80	22.330532212885153
YV-ITO	0	54	14.021047634119324
YV-JAC	0	101	21.76697892271663
YV-JAN	0	29	18.652173913043477
YV-JAX	0	102	20.080702799285287
YV-JFK	0	206	34.031466331025804
YV-KOA	0	103	14.48981266238206
YV-LAN	0	221	22.23348214285714
YV-LAS	0	147	24.360087318509493
YV-LAX	0	90	21.364384366735234
YV-LEX	0	41	19.31203931203931
YV-LGA	0	211	31.11250592136428
YV-LGB	0	144	23.59493670886076
YV-LIH	0	42	13.808598351001178
YV-LIT	0	57	20.626262626262626
YV-LNK	0	248	21.27954971857411
YV-MBS	0	145	21.315089514066496
YV-MCI	0	147	22.14524647887324
YV-MDT	0	166	20.656489945155393
YV-MDW	0	174	25.628205128205128
YV-MEM	0	128	24.403558838341446
YV-MFR	0	82	17.590320765334834
YV-MGM	0	53	17.05982905982906
YV-MHT	0	206	22.434719535783366
YV-MKE	0	98	25.50383631713555
YV-MLI	0	116	21.64794215795328
YV-MOB	0	38	19.153086419753087
YV-MRY	0	79	19.217862481315397
YV-MSN	0	212	23.775912715065044
YV-MSP	0	161	28.54777927321669
YV-MSY	0	157	21.0875
YV-MTJ	0	83	20.560515021459228
YV-MYR	0	157	19.23799006073992
YV-OAJ	0	38	15.961538461538462
YV-OAK	0	96	19.909761634506243
YV-OGG	0	53	14.078934137757667
YV-OKC	0	248	22.766129032258064
YV-OMA	0	76	21.301190476190477
YV-ONT	0	70	20.038805970149255
YV-ORD	0	248	23.662066970238246
YV-ORF	0	183	21.0999222999223
YV-PDX	0	44	18.391304347826086
YV-PHF	0	54	18.016574585635357
YV-PHL	0	181	29.82045990566038
YV-PHX	0	229	24.072376251146274
YV-PIT	0	192	25.024338172502134
YV-PNS	0	141	19.540023201856147
YV-PSP	0	96	21.07512413903572
YV-PVD	0	130	21.13081395348837
YV-PWM	0	178	21.77932232841008
YV-RAP	0	116	19.22504159733777
YV-RDU	0	183	23.666355638496402
YV-RIC	0	137	23.191891891891892
YV-RKS	8	81	21.49245283018868
YV-RNO	0	86	19.808675799086757
YV-ROA	0	128	21.712338858195213
YV-ROC	0	133	21.64451261077028
YV-SAN	0	150	24.52171581769437
YV-SAT	0	111	23.13474593704999
YV-SAV	0	151	21.493040197736438
YV-SBA	0	118	19.49743898764688
YV-SBN	0	247	21.26148969889065
YV-SBP	0	92	19.060042507970245
YV-SDF	0	118	27.254589963280292
YV-SEA	0	62	22.523893805309733
YV-SFO	0	64	22.951063829787234
YV-SJC	0	82	25.51862464183381
YV-SLC	0	141	21.36455186304129
YV-SMF	0	80	22.982583454281567
YV-SNA	0	72	21.58376156217883
YV-SPI	0	129	22.78386844166014
YV-SRQ	0	87	19.878330373001777
YV-STL	0	111	22.30686917500863
YV-SYR	0	154	23.52931323283082
YV-TEX	0	125	20.842679127725855
YV-TLH	0	116	23.37864077669903
YV-TRI	0	54	21.057142857142857
YV-TUS	0	128	22.05349794238683
YV-TVC	0	101	22.07495256166983
YV-TYS	0	100	22.42105263157895
YV-XNA	0	29	19.09090909090909
YV-YUM	0	104	21.509683098591548
