9E-ABE	1	131	15.24040404040404
9E-ALB	1	95	16.125850340136054
9E-ALO	1	75	14.721830985915492
9E-ATL	5	298	24.391850773911894
9E-ATW	1	175	15.042888563049853
9E-AUS	1	99	15.173913043478262
9E-AVL	1	155	15.009246417013408
9E-AVP	1	96	16.81138790035587
9E-AZO	1	134	13.879020643302928
9E-BDL	1	120	16.79308510638298
9E-BGM	1	134	15.000704721634953
9E-BGR	1	192	17.700374531835205
9E-BHM	1	113	15.413781282139183
9E-BIL	7	90	15.75
9E-BIS	1	84	11.114967462039045
9E-BJI	0	90	10.960199004975124
9E-BNA	1	150	15.85126253891387
9E-BOS	1	179	22.419224283305226
9E-BTR	1	58	12.332697807435652
9E-BTV	1	139	19.75561797752809
9E-BUF	1	93	16.43095238095238
9E-BWI	1	144	16.145454545454545
9E-BZN	1	75	24.5625
9E-CAE	1	90	14.645810859403092
9E-CAK	1	129	16.1234693877551
9E-CHA	1	66	12.5595703125
9E-CHS	1	98	16.162307176391682
9E-CID	1	95	13.193178195728404
9E-CLE	1	130	19.291167973586465
9E-CLT	1	306	19.65740740740741
9E-CMH	1	156	14.329901731399158
9E-CMX	1	65	15.30952380952381
9E-COS	9	73	17.496062992125985
9E-CPR	1	97	17.096153846153847
9E-CRW	3	108	12.91747572815534
9E-CVG	1	175	17.654828660436138
9E-CWA	1	108	12.770478507704786
9E-DAY	1	132	15.742456326098464
9E-DCA	1	252	17.27920305676856
9E-DEN	1	96	20.288695652173914
9E-DFW	1	97	18.84903934126258
9E-DLH	1	106	14.867379679144385
9E-DSM	1	120	13.717794836008373
9E-DTW	1	191	20.943631648480697
9E-EAU	1	29	10.98611111111111
9E-ELM	1	118	13.57125796178344
9E-ERI	1	148	12.942895683453237
9E-EVV	1	132	12.608021007400334
9E-EWR	13	110	36.44565217391305
9E-FAR	1	159	13.380300065231571
9E-FCA	1	127	20.859375
9E-FLL	1	129	19.352941176470587
9E-FNT	1	106	12.172976501305483
9E-FSD	1	63	12.9916476841306
9E-FSM	1	126	12.913217623497998
9E-FWA	1	128	13.702219040801719
9E-GFK	1	92	11.86382393397524
9E-GLH	10	17	13.5
9E-GPT	1	111	12.43466107617051
9E-GRB	1	102	12.524489795918367
9E-GRR	1	201	16.157935684647303
9E-GSO	1	151	16.568646355572696
9E-GSP	1	121	13.880553833436661
9E-GTF	1	100	13.403508771929825
9E-HLN	1	94	18.50347705146036
9E-HOU	5	123	14.988718775181306
9E-HPN	1	247	20.582857142857144
9E-HSV	1	125	13.732726298875201
9E-IAD	1	156	20.40366972477064
9E-IAH	1	192	19.84510750329092
9E-ICT	1	120	13.95611038107753
9E-IDA	1	94	17.646288209606986
9E-IND	1	156	17.608781127129753
9E-INL	1	97	11.145328719723183
9E-ITH	8	84	22.487603305785125
9E-JAN	1	92	14.251306021446247
9E-JAX	1	94	14.725913621262459
9E-LAN	1	67	13.606984126984127
9E-LEX	1	153	13.444900191413726
9E-LGA	1	276	31.273277222514466
9E-LIT	1	107	15.362266857962696
9E-LNK	1	115	11.53922967189729
9E-LSE	1	111	11.615039281705949
9E-MBS	1	86	12.063728813559322
9E-MCI	1	203	14.734672580224368
9E-MCO	16	16	16.0
9E-MDT	1	111	16.662870159453302
9E-MDW	10	80	18.71875
9E-MEM	1	226	18.84494574169779
9E-MGM	1	79	13.279494382022472
9E-MHT	1	43	16.181818181818183
9E-MIA	16	26	19.41176470588235
9E-MKE	6	140	15.898395721925134
9E-MLI	1	175	13.067245119305857
9E-MOB	1	155	11.864651773981603
9E-MSN	1	115	14.789235639981909
9E-MSO	19	24	21.5
9E-MSP	1	216	21.184766228208897
9E-MSY	12	45	17.866666666666667
9E-MYR	1	39	12.478658536585366
9E-OKC	1	173	15.919432364385443
9E-OMA	1	94	14.11754716981132
9E-ORD	13	82	29.555555555555557
9E-ORF	1	133	17.226332970620238
9E-PFN	1	100	11.754158964879853
9E-PHL	1	209	27.375813128326435
9E-PIA	1	91	16.010660980810236
9E-PIR	6	19	11.333333333333334
9E-PIT	1	117	17.370987763787905
9E-PLN	1	93	13.215789473684211
9E-PNS	1	87	12.5315232397607
9E-PWM	1	106	17.471698113207548
9E-RAP	1	56	11.996197718631178
9E-RDU	1	95	13.922057917436845
9E-RHI	1	86	10.313953488372093
9E-RIC	1	112	15.948955121616992
9E-ROA	1	77	14.88724832214765
9E-ROC	1	119	18.346456692913385
9E-RST	1	129	11.84631360332295
9E-RSW	1	48	15.068027210884354
9E-SAT	7	79	15.539651837524177
9E-SAV	1	85	15.383362420011634
9E-SBN	1	159	14.996198751018191
9E-SCE	1	88	15.959475566150179
9E-SDF	1	105	14.343720712277413
9E-SGF	1	108	13.164762992575671
9E-SHV	1	76	12.008818342151676
9E-SLC	1	76	17.419047619047618
9E-SRQ	9	30	14.9375
9E-STL	1	178	15.481735872619419
9E-STX	10	52	19.224489795918366
9E-SUX	1	198	11.136434108527132
9E-SWF	1	101	19.60787069571328
9E-SYR	8	42	20.20754716981132
9E-TLH	1	81	11.230645161290322
9E-TPA	10	30	17.125
9E-TRI	4	81	14.363636363636363
9E-TUL	1	176	17.019928258270227
9E-TVC	1	98	17.508084577114428
9E-TYS	1	183	13.638294711824123
9E-XNA	1	157	14.699153511782201
AA-ABQ	1	243	11.831309236368877
AA-ALB	1	207	15.361733931240657
AA-AMA	1	137	10.616513761467889
AA-ANC	1	69	14.250722543352602
AA-ATL	1	272	19.729224159792352
AA-AUS	1	376	11.855612211966694
AA-BDL	1	214	14.401459854014599
AA-BHM	1	167	11.466162162162162
AA-BNA	1	244	12.36241134751773
AA-BOS	1	260	18.240709955421018
AA-BTR	1	65	11.43265306122449
AA-BUF	1	156	15.56890012642225
AA-BUR	1	133	13.582453761983151
AA-BWI	1	264	15.140080141201164
AA-CID	1	55	9.382293762575452
AA-CLE	1	181	15.4340142875047
AA-CLT	1	223	15.302168337607833
AA-CMH	1	163	11.400381175780677
AA-COS	1	218	14.109870945238926
AA-CVG	1	110	15.930792377131395
AA-DAL	1	166	12.912659902955447
AA-DAY	1	229	13.67817718652703
AA-DCA	1	285	14.634624507803975
AA-DEN	1	228	15.508888554669875
AA-DFW	1	423	17.34255585280341
AA-DRO	1	37	11.440677966101696
AA-DSM	1	128	10.15791567223548
AA-DTW	1	236	17.441650922830984
AA-EGE	1	318	21.337495892211635
AA-ELP	1	182	11.84235797147163
AA-EWR	1	394	23.16844660194175
AA-FAT	1	131	11.424635332252837
AA-FLL	1	261	17.105225757078824
AA-GSO	1	140	10.864470588235294
AA-GUC	1	95	13.979238754325259
AA-HDN	1	135	15.552815013404826
AA-HNL	1	79	16.049979364424267
AA-HOU	1	196	13.563516701850242
AA-HPN	1	249	17.25289895085588
AA-HSV	1	185	10.918716577540106
AA-IAD	1	213	15.378176506256546
AA-IAH	1	234	15.730051964996738
AA-ICT	1	254	11.163948876156898
AA-IND	1	274	14.226445161547348
AA-ISP	1	102	23.555555555555557
AA-JAC	1	194	17.54772557792692
AA-JAX	1	174	13.149519401922392
AA-JFK	1	448	29.02605666380295
AA-KOA	1	73	10.37527733755943
AA-LAS	1	202	15.931650130017287
AA-LAX	1	276	17.487508269447794
AA-LGA	1	781	25.234104827348265
AA-LGB	1	162	13.349054905490549
AA-LIH	1	54	9.04751057598438
AA-LIT	1	134	10.737672190057896
AA-MCI	1	256	12.961522672140324
AA-MCO	1	204	14.063955282740647
AA-MDT	1	170	13.61724748966332
AA-MDW	1	249	15.047723475355054
AA-MEM	1	221	13.378426966292135
AA-MFE	1	154	8.74076567910735
AA-MIA	1	272	18.774858656855574
AA-MKE	1	177	13.768518518518519
AA-MLI	1	127	8.451653150343107
AA-MSP	1	247	17.18640861466822
AA-MSY	1	192	11.280635901965114
AA-MTJ	1	83	14.615062761506277
AA-OAK	1	180	13.154126394052044
AA-OGG	1	113	10.743794326241135
AA-OKC	1	182	12.264652774388756
AA-OMA	1	134	11.467938340254804
AA-ONT	1	204	11.281460819927348
AA-ORD	1	380	19.090448180963794
AA-ORF	1	153	12.446613914294522
AA-PBI	1	200	13.652593580789453
AA-PDX	1	216	13.33264268223771
AA-PHL	1	289	22.318749579152918
AA-PHX	1	249	14.36092551348676
AA-PIA	1	1	1.0
AA-PIT	1	130	13.645210494203782
AA-PSP	1	158	12.03266703683139
AA-PVD	1	249	15.708226691042048
AA-RDU	1	211	13.532149761969109
AA-RIC	1	177	13.610363323550247
AA-RNO	1	224	13.360063913716482
AA-ROC	1	133	14.624508320726173
AA-RST	1	201	11.945383615084525
AA-RSW	1	195	13.294122462344466
AA-SAN	1	164	15.883424194789123
AA-SAT	1	443	11.419827945579263
AA-SDF	1	243	11.987086272381985
AA-SEA	1	229	14.862284280488039
AA-SFO	1	228	16.7862703467799
AA-SGF	1	133	12.822208359326263
AA-SHV	15	15	15.0
AA-SJC	1	215	14.645808828281522
AA-SJU	1	153	14.298838974646998
AA-SLC	1	200	16.471362896274304
AA-SMF	1	134	11.829017517136329
AA-SNA	1	214	15.661369931112848
AA-STL	1	330	17.248605054987458
AA-STT	1	117	11.92470607854582
AA-STX	1	70	11.290586145648312
AA-SWF	1	120	12.939060939060939
AA-SYR	1	215	16.065830721003135
AA-TPA	1	257	12.962122400599627
AA-TUL	1	315	14.034327983051456
AA-TUS	1	203	11.365877875227536
AA-TYS	1	56	10.505385252692626
AA-XNA	1	224	13.32626959247649
AQ-HNL	1	77	9.628269629700279
AQ-ITO	1	28	6.355314412910406
AQ-KOA	1	30	6.548667079975202
AQ-LAS	4	71	12.384347826086957
AQ-LIH	1	69	4.80126445387239
AQ-OAK	1	47	10.222173339199296
AQ-OGG	1	126	5.523684210526316
AQ-RNO	1	34	9.278735632183908
AQ-SAN	1	75	14.340659340659341
AQ-SMF	1	80	10.621843805049911
AQ-SNA	1	63	9.91844610239259
AS-ADK	1	18	6.278065630397236
AS-ADQ	1	1439	6.123552821997106
AS-AKN	1	33	5.208484848484848
AS-ANC	1	1401	11.83043742974897
AS-BET	1	59	6.438463232056363
AS-BOI	1	48	11.97784294558488
AS-BOS	1	182	23.442381870781098
AS-BRW	1	36	5.417608365660314
AS-BUR	1	64	12.232691926205119
AS-CDV	1	76	6.324646185709354
AS-DCA	1	251	15.900560938296787
AS-DEN	1	183	15.530927835051546
AS-DFW	1	192	20.014414414414414
AS-DLG	1	26	5.396496815286624
AS-DUT	1	28	4.098880597014926
AS-EWR	1	215	29.76384022424667
AS-FAI	1	88	9.41233824242579
AS-GEG	1	133	11.894983967017865
AS-GST	1	1436	10.645569620253164
AS-HNL	7	51	18.858974358974358
AS-IAD	1	152	17.7052541648868
AS-JNU	1	107	11.648817492190986
AS-KOA	7	57	12.790697674418604
AS-KTN	1	85	10.230399181166836
AS-LAS	1	142	17.22357795986225
AS-LAX	1	140	13.847643070595417
AS-LGB	1	142	14.571072319201996
AS-LIH	1	35	12.416861826697891
AS-MCO	1	112	15.709776934029426
AS-MIA	1	53	16.970184571699008
AS-MSP	8	52	17.653846153846153
AS-OAK	1	83	10.594462018062623
AS-OGG	3	37	12.140625
AS-OME	1	59	5.761121628017038
AS-ONT	1	86	11.219327784484403
AS-ORD	1	245	24.03149811271639
AS-OTZ	1	68	6.083064419744233
AS-PDX	1	136	11.457841614201485
AS-PHX	1	179	13.805015131863382
AS-PSG	1	56	6.74896265560166
AS-PSP	1	82	10.819246685838536
AS-RNO	1	111	11.52649116961013
AS-SAN	1	124	14.544291569086651
AS-SCC	1	44	5.923174121809452
AS-SEA	1	1439	15.124695438462679
AS-SFO	0	94	15.203922220375603
AS-SIT	1	1295	10.45078944880401
AS-SJC	1	176	11.996759880903731
AS-SMF	1	140	11.040676056338029
AS-SNA	1	1436	12.477656297453251
AS-TUS	1	80	11.186440677966102
AS-WRG	1	43	6.4665282823040995
AS-YAK	1	51	6.246764452113891
B6-ACK	1	133	13.834645669291339
B6-ATL	9	242	16.913443830570902
B6-AUS	0	135	15.80760324199151
B6-BNA	1	174	17.33493479752917
B6-BOS	1	282	19.67160109076743
B6-BQN	1	76	11.136805180787912
B6-BTV	1	204	14.53076026421448
B6-BUF	0	279	13.661843602666233
B6-BUR	1	170	17.57099162910496
B6-CLT	1	212	24.1639231824417
B6-CMH	1	129	15.309721543722521
B6-DEN	1	218	15.940223944875108
B6-EWR	1	321	26.605855379188714
B6-FLL	0	263	18.227875352074776
B6-HOU	1	154	16.24592973436161
B6-HPN	1	210	17.440805369127517
B6-IAD	1	256	19.53249449110593
B6-JAX	1	186	16.1165785997358
B6-JFK	0	435	28.938808776449157
B6-LAS	1	208	19.157083906464923
B6-LAX	15	20	17.5
B6-LGA	1	204	24.738992131257323
B6-LGB	1	215	14.070274274352327
B6-MCO	1	228	15.934737621713465
B6-MSY	1	223	13.828245113112233
B6-OAK	1	162	13.32036497275377
B6-ONT	1	69	12.937394247038917
B6-ORD	1	240	23.309148264984227
B6-PBI	1	228	14.267290782623911
B6-PDX	1	88	12.891911238367932
B6-PHX	1	106	14.282377919320595
B6-PIT	1	211	18.968285214348207
B6-PSE	1	89	12.388051948051949
B6-PWM	1	210	15.601867368925065
B6-RDU	1	206	16.657797164667393
B6-RIC	1	206	15.654797403964217
B6-ROC	1	135	13.56504026527712
B6-RSW	1	330	14.813001415762152
B6-SAN	1	121	17.664924973204716
B6-SEA	1	142	15.779739571838446
B6-SFO	1	140	19.264429109159348
B6-SJC	1	96	13.79769053117783
B6-SJU	1	149	16.44446123620976
B6-SLC	1	108	17.18957345971564
B6-SMF	1	99	12.337420718816068
B6-SRQ	1	124	13.814912280701755
B6-SWF	1	156	15.327358809604329
B6-SYR	1	370	15.833173537871524
B6-TPA	0	239	14.555870402053037
B6-TUS	1	68	11.916239316239317
CO-ABQ	1	176	12.246299268771178
CO-AGS	8	36	16.785714285714285
CO-AMA	9	13	11.0
CO-ANC	1	140	15.056509522322822
CO-ATL	1	310	22.47552894824366
CO-AUS	1	365	16.067534916612647
CO-BDL	1	215	16.148622321180074
CO-BHM	1	167	16.031564808596375
CO-BNA	1	120	13.058614564831261
CO-BOS	1	324	20.772650914801154
CO-BQN	1	63	14.326626712328768
CO-BRO	1	48	9.993527508090615
CO-BTR	1	163	16.712107623318385
CO-BTV	14	33	19.5
CO-BUF	1	187	13.359091951387297
CO-BWI	1	227	14.489279026217229
CO-CHS	1	111	12.859493670886076
CO-CLE	1	289	17.978145941389116
CO-CLT	1	232	19.88835586567815
CO-CMH	1	227	15.131871598706523
CO-COS	1	85	15.63740458015267
CO-CRP	1	109	11.406099518459069
CO-CVG	1	64	14.1
CO-DAB	1	179	18.347305389221557
CO-DAY	14	14	14.0
CO-DCA	1	232	17.935823250920567
CO-DEN	1	195	16.447215417761118
CO-DFW	1	309	18.456864671212298
CO-DTW	1	241	19.59402553601542
CO-EGE	1	148	20.594964028776978
CO-ELP	1	167	12.453711426188491
CO-EWR	1	383	28.988667254699838
CO-FLL	1	228	19.413883650426104
CO-GPT	1	153	14.301992528019925
CO-GSO	1	140	13.93000393236335
CO-GUC	1	118	13.185714285714285
CO-HDN	1	107	17.320305862361938
CO-HNL	1	86	19.53485254691689
CO-HOU	1	171	12.62629246676514
CO-IAD	1	217	20.68954802259887
CO-IAH	1	386	22.366306654402205
CO-IND	1	225	16.882313253012047
CO-JAC	1	135	17.571428571428573
CO-JAX	1	200	14.852726696258719
CO-JFK	1	283	28.958165215544703
CO-LAS	1	169	19.28234075161353
CO-LAX	1	173	17.535827640930105
CO-LBB	11	11	11.0
CO-LFT	1	106	14.898969072164949
CO-LGA	1	311	26.078466468431536
CO-LIT	4	20	12.125
CO-MAF	7	12	9.5
CO-MCI	1	140	12.987981258912201
CO-MCO	1	227	16.177049056318317
CO-MDW	1	204	21.197890899622443
CO-MEM	1	121	19.888235294117646
CO-MFE	1	193	11.399463806970509
CO-MHT	1	174	15.607963875205254
CO-MIA	1	242	18.356423880399987
CO-MKE	1	91	13.933908045977011
CO-MSP	1	213	20.11855916030534
CO-MSY	1	276	12.37023621243814
CO-MTJ	1	109	14.277996070726916
CO-MYR	1	175	15.342418235877107
CO-OAK	1	122	14.504877043549937
CO-OGG	1	63	12.434060228452752
CO-OKC	1	143	12.094478712200994
CO-OMA	1	240	14.939046253137326
CO-ONT	1	130	13.687354432113988
CO-ORD	1	292	23.081802140924598
CO-ORF	1	121	13.767123287671232
CO-PBI	1	196	15.731499616792982
CO-PDX	1	145	13.68672017801796
CO-PHL	1	250	21.451603566053027
CO-PHX	1	186	15.960698955828184
CO-PIT	1	236	17.681973065065716
CO-PNS	1	74	10.678688524590164
CO-PSE	1	39	13.793624161073826
CO-PSP	5	60	12.188571428571429
CO-PVD	1	119	13.422261878206559
CO-PWM	7	84	16.918032786885245
CO-RDU	1	240	15.437821927888153
CO-RIC	1	87	14.51392632524708
CO-RNO	1	95	12.421674101285753
CO-ROC	1	58	16.547486033519554
CO-RSW	1	266	14.694614896318239
CO-SAN	1	127	16.86009058882738
CO-SAT	1	398	13.91214307183649
CO-SAV	1	131	20.027237354085603
CO-SDF	1	80	12.980237154150197
CO-SEA	1	184	14.890380785709976
CO-SFO	1	205	16.315615922116667
CO-SJC	1	154	14.6929970436068
CO-SJU	1	118	16.550685929343206
CO-SLC	1	165	17.168044402456307
CO-SMF	1	70	12.583120204603581
CO-SNA	1	249	16.448097787463876
CO-SRQ	1	183	14.505307331523081
CO-STL	1	203	19.16005616005616
CO-STT	1	120	14.825993555316863
CO-TPA	1	265	15.496263002439964
CO-TUL	1	166	12.230209509471836
CO-TUS	1	155	12.04684162343607
CO-XNA	9	16	11.75
DH-ABE	0	193	10.268055555555556
DH-ACY	1	71	9.270329670329671
DH-ALB	0	182	15.167892376681614
DH-ATL	1	148	19.09714937286203
DH-ATW	0	303	10.803621169916434
DH-AUS	1	85	12.592505854800937
DH-AVL	1	80	7.669250645994832
DH-AVP	0	189	11.951237263464337
DH-AZO	0	117	8.981583198707593
DH-BDL	0	169	14.784419591207095
DH-BGM	0	116	9.574119076549211
DH-BGR	0	76	8.728003784295176
DH-BHM	0	120	13.504392386530014
DH-BMI	0	124	14.300740740740741
DH-BNA	0	168	11.961640714014433
DH-BOS	0	570	17.748880277791756
DH-BTV	0	212	13.643037654788982
DH-BUF	0	127	12.913585554600171
DH-BWI	1	60	15.08
DH-CAE	0	144	11.49869985141159
DH-CAK	0	134	16.56071964017991
DH-CHA	1	84	9.012003000750187
DH-CHO	0	174	6.811014816885659
DH-CHS	0	149	12.667095280956667
DH-CID	0	124	10.531585732703052
DH-CLE	0	295	13.627416520210897
DH-CLT	0	144	17.331699135595407
DH-CMH	0	156	10.567869752844253
DH-CMI	1	116	10.487329434697855
DH-COS	0	108	17.12012987012987
DH-CRW	0	150	9.654713880173315
DH-CVG	0	543	14.93918299432918
DH-DAY	0	153	10.954728002920774
DH-DCA	1	63	13.925454545454546
DH-DSM	1	98	12.703170028818445
DH-DTW	0	167	14.393119512632145
DH-ERI	0	179	11.622568093385214
DH-EVV	1	65	8.012474012474012
DH-EWR	0	310	19.258585022755483
DH-FAR	0	112	12.914754098360655
DH-FNT	0	70	9.700980392156863
DH-FSD	0	136	13.482830385015609
DH-FWA	0	118	11.052861511577108
DH-GRB	1	51	10.702325581395348
DH-GRR	0	155	13.367557715674362
DH-GSO	0	139	12.6320293398533
DH-GSP	0	128	12.69658164885173
DH-HPN	0	222	15.80775379696243
DH-HSV	1	73	10.48136645962733
DH-IAD	0	687	18.196255916501478
DH-ICT	0	175	14.321348314606741
DH-IND	0	165	13.578127734033245
DH-JAX	0	136	13.271883982231513
DH-JFK	0	339	22.190956309196455
DH-LAN	0	155	10.13313856427379
DH-LAS	1	88	21.72991452991453
DH-LAX	11	43	20.36196319018405
DH-LEX	0	146	14.286252354048964
DH-LGA	0	264	21.031052631578948
DH-LNK	1	154	12.894679695982628
DH-MBS	0	180	14.848140495867769
DH-MCO	0	197	15.000270635994587
DH-MDT	0	160	11.543804262036307
DH-MDW	1	104	12.381752701080432
DH-MEM	0	168	14.19543509272468
DH-MHT	0	272	17.763080168776373
DH-MKE	1	89	10.207440100882724
DH-MLI	0	105	12.815533980582524
DH-MSN	0	122	9.319835277968428
DH-MSY	0	66	12.035778175313059
DH-OKC	0	183	14.735898557061653
DH-ORD	0	622	21.53561361878417
DH-ORF	0	169	11.616249361267245
DH-PBI	1	93	14.577777777777778
DH-PHL	0	187	15.824426229508196
DH-PIA	1	134	14.047067901234568
DH-PIT	0	142	14.426703645007924
DH-PVD	0	131	18.48222719363659
DH-PWM	0	239	14.000543109300747
DH-RDU	0	150	11.264260526861648
DH-RIC	0	81	8.892151898734177
DH-ROA	0	936	10.000465766185375
DH-ROC	0	143	12.406279583464816
DH-RSW	1	119	16.131147540983605
DH-SAN	9	63	19.085858585858585
DH-SAV	0	514	13.602948739927996
DH-SBN	0	810	10.029185022026432
DH-SCE	0	242	9.348522167487685
DH-SDF	0	153	12.679982817869416
DH-SEA	1	33	16.87437185929648
DH-SFO	1	70	20.26808510638298
DH-SGF	0	102	12.03076923076923
DH-SJC	9	31	14.4609375
DH-SJU	12	78	26.1875
DH-STL	0	155	16.50980392156863
DH-SWF	1	116	13.019088016967126
DH-SYR	0	162	13.894536750211207
DH-TOL	0	151	9.101184346035016
DH-TPA	1	124	14.419254658385093
DH-TRI	1	85	8.620167189132706
DH-TUL	0	168	15.982544786403308
DH-TVC	1	65	10.110335195530727
DH-TYS	0	111	11.277124663237815
DH-XNA	1	39	9.476683937823834
DL-ABE	1	96	12.22075055187638
DL-ABQ	1	232	13.1946938539072
DL-AGS	1	71	11.91566265060241
DL-ALB	1	178	14.88399629972248
DL-ANC	1	155	16.872922526208132
DL-ATL	1	592	20.04977277127238
DL-AUS	1	185	12.721050517224063
DL-BDL	1	250	15.783729156139465
DL-BHM	1	152	13.927473222402277
DL-BIL	1	175	12.631912964641886
DL-BNA	1	144	15.940112557460154
DL-BOI	1	93	12.922641509433962
DL-BOS	1	264	19.74187859287282
DL-BTR	1	125	12.209557211749233
DL-BUF	1	141	14.833944729762779
DL-BUR	1	38	15.345882352941176
DL-BWI	1	267	16.018419298947087
DL-BZN	1	116	12.90680713128039
DL-CAE	1	128	13.775224381102673
DL-CAK	1	63	13.924493554327809
DL-CHS	1	135	13.129716024340771
DL-CLE	1	181	15.613504412447748
DL-CLT	1	268	20.056363208656787
DL-CMH	1	275	13.1524094135226
DL-COS	1	185	16.08897403150277
DL-CVG	1	378	16.954526292369035
DL-DAB	1	131	12.935990925295739
DL-DAY	1	169	14.878616489014576
DL-DCA	1	261	17.099780824710738
DL-DEN	1	326	16.250103800179193
DL-DFW	1	302	20.808194812523663
DL-DTW	1	238	17.633445556426693
DL-EGE	1	137	19.7827868852459
DL-ELP	1	90	12.881015599070693
DL-EWR	1	298	22.748609586534943
DL-FAI	1	74	14.114224137931034
DL-FAY	8	26	11.674418604651162
DL-FCA	1	55	11.125825242718447
DL-FLL	1	224	17.740080249665628
DL-GEG	1	132	13.057084795861813
DL-GPT	1	83	12.217420212765957
DL-GRR	1	107	13.038053649407361
DL-GSO	1	179	15.827204998798365
DL-GSP	1	165	14.961497414005418
DL-GTF	1	85	11.055414704817096
DL-GUC	1	55	14.596153846153847
DL-HDN	1	123	17.171253822629968
DL-HLN	1	113	9.782844733984799
DL-HNL	1	106	17.070805970149255
DL-HOU	1	204	12.47259486393254
DL-HSV	1	168	14.445943448530771
DL-IAD	1	267	17.48746059642369
DL-IAH	1	190	17.239686228936666
DL-ICT	1	68	15.20253164556962
DL-IND	1	194	15.336930170651708
DL-ISP	1	146	14.496681802305273
DL-JAC	1	103	15.610914801727523
DL-JAN	1	125	11.704409025046575
DL-JAX	1	186	14.35928178906227
DL-JFK	1	422	34.91581271426442
DL-KOA	1	37	13.09
DL-LAS	1	249	17.39060214817028
DL-LAX	1	254	18.41275937435353
DL-LEX	1	193	12.920815167798844
DL-LGA	1	298	25.609584081801852
DL-LIH	1	42	13.372340425531915
DL-LIT	1	138	12.550132336914215
DL-MCI	1	198	14.601690777024965
DL-MCO	1	1434	15.057984071498073
DL-MDT	1	46	11.224066390041493
DL-MDW	1	211	17.547400611620795
DL-MEM	1	147	15.500326553461466
DL-MGM	1	52	11.192734611503532
DL-MHT	1	213	15.998460222412318
DL-MIA	1	199	17.413868112875832
DL-MKE	1	149	14.598214949795462
DL-MLB	1	175	12.33201411915713
DL-MLU	1	110	10.320065654493229
DL-MOB	1	164	11.287920792079207
DL-MSO	1	60	10.374516129032259
DL-MSP	1	208	18.649320697752433
DL-MSY	1	224	13.169910929420364
DL-MTJ	1	45	19.558139534883722
DL-MYR	1	37	11.436026936026936
DL-OAK	1	100	13.811503202310687
DL-OGG	1	68	11.974260555430119
DL-OKC	1	158	12.617594433399603
DL-OMA	1	100	12.547509929728077
DL-ONT	1	138	14.061947513812155
DL-ORD	1	1433	20.497486033519554
DL-ORF	1	153	12.919059933759812
DL-PBI	1	171	14.291217917805284
DL-PDX	1	225	13.119836672680657
DL-PHF	1	128	12.825977301387137
DL-PHL	1	291	24.4181559526985
DL-PHX	1	239	17.827455885875494
DL-PIT	1	155	17.224221934970668
DL-PNS	1	132	12.394665129441359
DL-PSC	1	110	10.27459366980325
DL-PSP	1	57	11.07599517490953
DL-PVD	1	167	14.92529777317452
DL-PWM	1	216	13.591069970051729
DL-RDU	1	216	14.479902893872934
DL-RIC	1	1394	13.884652092896424
DL-RNO	1	172	13.80314606741573
DL-ROC	1	135	13.866446826051114
DL-RSW	1	1435	14.938744907197828
DL-SAN	1	121	16.71646194145622
DL-SAT	1	225	12.790886227994445
DL-SAV	1	155	12.657373411337502
DL-SBN	1	36	11.683636363636364
DL-SDF	1	151	13.389552007440708
DL-SEA	1	168	16.57138296513855
DL-SFO	1	262	17.430399906772582
DL-SHV	1	115	10.291517629024016
DL-SJC	1	120	14.246047136038186
DL-SJU	1	227	16.27960354720918
DL-SLC	1	598	19.35906034697435
DL-SMF	1	108	12.973563836943361
DL-SNA	1	164	16.423819786118003
DL-SRQ	1	205	11.870220450865611
DL-STL	1	176	15.600354819633353
DL-STT	1	155	14.106884057971014
DL-STX	1	31	12.81447963800905
DL-SYR	1	183	15.030914826498423
DL-TLH	1	199	11.736866609761776
DL-TPA	1	242	13.952087396675026
DL-TUL	1	98	12.706615173788464
DL-TUS	1	146	12.11105002748763
DL-TYS	1	1428	14.638221814848762
DL-VPS	1	119	13.666087711680417
EV-ABE	0	143	12.341012084592146
EV-ABI	5	18	10.5
EV-ABQ	1	26	11.5
EV-ABY	0	90	8.564589092736869
EV-ACY	0	118	12.373983739837398
EV-AEX	0	109	9.052992354336936
EV-AGS	0	129	10.19719834447628
EV-ALB	0	119	14.529518384256862
EV-AMA	1	74	7.438387540082456
EV-APF	0	56	10.342958860759493
EV-ATL	0	322	19.63233489285422
EV-ATW	0	112	11.675549915397632
EV-AUS	0	129	11.133973776450734
EV-AVL	0	160	11.2203961532941
EV-AVP	0	108	11.531186612576064
EV-AZO	0	144	9.977914110429447
EV-BDL	0	62	13.01388888888889
EV-BGM	0	71	11.505902192242832
EV-BGR	0	85	12.049098196392785
EV-BHM	0	116	10.97725781762519
EV-BIL	0	33	8.975929978118161
EV-BMI	0	96	14.10094066570188
EV-BNA	0	118	14.313764732043584
EV-BOI	1	25	9.173913043478262
EV-BOS	1	70	15.856502242152466
EV-BPT	1	99	7.5918560606060606
EV-BQK	0	149	8.196963123644252
EV-BTR	0	178	10.359715696903988
EV-BTV	0	90	14.664868509777477
EV-BUF	0	246	12.81355470876429
EV-BWI	0	149	13.422121896162528
EV-BZN	0	97	11.317784256559767
EV-CAE	0	125	11.867697594501719
EV-CAK	0	188	12.695452758485127
EV-CHA	0	136	9.602386887227132
EV-CHO	0	181	9.699615595826469
EV-CHS	0	136	11.069910897875257
EV-CID	1	80	15.542857142857143
EV-CLE	0	107	13.601529160739688
EV-CLT	0	147	17.54504359057152
EV-CMH	5	134	12.477707006369426
EV-CMI	0	50	11.039473684210526
EV-CRP	0	136	10.273828902152287
EV-CRW	0	148	10.474341903103554
EV-CSG	0	110	8.710794297352342
EV-CVG	0	267	15.564348114563751
EV-DAB	0	112	10.726449275362318
EV-DAL	1	76	10.86111111111111
EV-DAY	0	141	12.111227154046997
EV-DCA	0	175	13.398647534223981
EV-DEN	1	130	13.657775768535263
EV-DFW	0	613	18.533968637918093
EV-DHN	0	92	8.44560272934041
EV-DSM	0	104	11.790155440414507
EV-DTW	0	160	16.21360201511335
EV-ELP	1	38	10.8141702921069
EV-ERI	0	61	9.608275862068966
EV-EVV	0	154	9.608451859956237
EV-EWN	0	66	9.096516690856314
EV-EWR	1	138	24.910802775024777
EV-EYW	0	99	9.172720247295208
EV-FAY	0	131	9.037403944079252
EV-FCA	0	29	9.918367346938776
EV-FLL	1	148	17.830798479087452
EV-FLO	0	101	8.964936608557844
EV-FNT	0	204	12.608612440191388
EV-FSD	1	38	11.32876712328767
EV-FSM	1	105	12.667652859960553
EV-FWA	0	127	11.941675695196823
EV-GEG	0	40	10.0311004784689
EV-GNV	0	117	8.212672865067583
EV-GPT	0	120	9.923235855054036
EV-GRB	0	45	10.291790306627101
EV-GRK	0	109	10.619769557307459
EV-GRR	0	1160	12.861724697366778
EV-GSO	0	216	12.236932391523714
EV-GSP	0	179	11.31738071356928
EV-GTR	0	108	8.612503332444682
EV-HDN	1	32	10.540816326530612
EV-HHH	0	70	11.02738960313024
EV-HKY	0	125	9.57716049382716
EV-HOU	0	122	10.504683671998848
EV-HPN	0	188	16.383200490496627
EV-HSV	0	161	11.595195729537366
EV-HTS	0	64	8.855789926818769
EV-IAD	0	158	16.907387580299787
EV-IAH	0	194	14.893146417445482
EV-ICT	0	138	11.404211354914887
EV-ILE	1	31	6.882063882063882
EV-ILG	0	84	12.09673202614379
EV-ILM	0	602	9.163994856408058
EV-IND	0	122	13.740463458110517
EV-ISO	0	92	9.109851169383417
EV-ISP	0	174	13.017003188097767
EV-JAC	0	77	10.08611111111111
EV-JAN	0	111	10.307242136064374
EV-JAX	0	76	11.32117812061711
EV-JFK	0	300	22.538956220628247
EV-LAN	0	70	10.130943672275055
EV-LAS	0	71	15.743036211699165
EV-LAW	3	59	11.23134328358209
EV-LAX	0	87	17.592633114514953
EV-LBB	0	88	8.102990033222591
EV-LEX	0	116	10.201495920217589
EV-LFT	0	181	10.913703382480486
EV-LGA	1	211	27.669950738916256
EV-LIT	0	172	10.933319923564317
EV-LWB	1	80	8.910407239819005
EV-LYH	0	86	8.901497797356829
EV-MAF	1	35	6.786713286713287
EV-MCI	0	71	12.301447899359127
EV-MCN	0	106	10.263179916317991
EV-MCO	0	108	15.744765702891327
EV-MDT	0	102	12.2503671071953
EV-MDW	0	165	14.523453093812375
EV-MEI	0	186	9.749240850247723
EV-MEM	0	156	13.69017543859649
EV-MFE	0	68	10.586677367576243
EV-MGM	0	1143	10.752745367192862
EV-MHT	0	148	14.26118817063596
EV-MIA	7	154	18.33920704845815
EV-MKE	0	163	12.164854778516956
EV-MLB	0	197	10.5292774425053
EV-MLI	0	107	12.875663930468372
EV-MLU	0	120	8.8853888774882
EV-MOB	0	204	9.738599348534201
EV-MSN	0	174	12.660815694372742
EV-MSO	0	62	8.316176470588236
EV-MSP	0	97	16.38487394957983
EV-MSY	0	185	11.912141691913307
EV-MTH	1	42	12.984375
EV-MYR	0	137	9.426137620768493
EV-OAJ	0	114	10.071367153912297
EV-OAK	0	117	12.238471673254281
EV-OKC	0	163	10.892755681818182
EV-OMA	0	110	11.540712315625374
EV-ONT	1	70	11.822395594309317
EV-ORD	1	189	18.877183406113538
EV-ORF	0	136	10.497621661178192
EV-PBI	1	38	10.300970873786408
EV-PDX	1	29	9.438356164383562
EV-PFN	0	98	8.36688132474701
EV-PHF	0	150	10.764428848462462
EV-PHL	1	153	23.678100263852244
EV-PHX	0	164	14.470213733515234
EV-PIA	0	113	11.91210277214334
EV-PIH	8	8	8.0
EV-PIT	0	126	13.167853231106243
EV-PNS	0	116	8.760324015247777
EV-PSC	0	37	11.114457831325302
EV-PSP	0	41	9.869209809264305
EV-PVD	0	126	14.270118176702308
EV-PVU	12	12	12.0
EV-PWM	0	132	13.291891891891892
EV-RAP	4	17	10.48
EV-RDU	0	1043	12.919853674758896
EV-RIC	0	115	11.69740828004039
EV-RNO	0	89	10.04907063197026
EV-ROA	0	152	11.800214477211796
EV-ROC	0	114	12.626929012345679
EV-RSW	5	12	8.0
EV-SAN	1	61	13.017467248908297
EV-SAT	0	199	10.197052131763774
EV-SAV	0	192	11.554095354523227
EV-SBN	0	184	10.329360210341806
EV-SCE	0	80	13.5423197492163
EV-SDF	0	179	11.887831747621432
EV-SEA	1	42	14.306569343065693
EV-SFO	1	95	17.750673854447438
EV-SGF	0	94	12.496372661321114
EV-SHV	0	203	9.221977582065653
EV-SJC	0	39	11.845338983050848
EV-SLC	0	141	18.801060471140612
EV-SMF	0	78	12.107662463627547
EV-SNA	1	667	19.432261768082665
EV-SOP	0	69	9.952978056426332
EV-SRQ	0	105	11.097066436583262
EV-STL	0	108	13.64855854089037
EV-SWF	0	124	14.270604395604396
EV-SYR	0	137	13.239295805259726
EV-TLH	0	157	9.802070828331333
EV-TOL	0	132	10.980057611345003
EV-TPA	0	253	11.227797408716137
EV-TRI	0	120	9.181877811094452
EV-TUL	0	134	9.961140967341876
EV-TUP	0	182	8.720953830542872
EV-TUS	0	256	10.380566801619434
EV-TVC	0	33	9.29896907216495
EV-TXK	1	30	6.37280701754386
EV-TYR	10	10	10.0
EV-TYS	0	130	10.889566260243853
EV-VLD	0	127	8.110790774299835
EV-VPS	0	187	11.002432761183943
EV-XNA	0	176	11.141318225343122
F9-ABQ	1	149	9.862003780718336
F9-ANC	0	65	10.862924281984334
F9-ATL	1	143	17.507558915073368
F9-AUS	1	87	11.128821531225503
F9-BDL	1	48	13.046242774566474
F9-BNA	1	85	12.145174371451743
F9-BOI	9	98	14.579418344519016
F9-BTR	8	8	8.0
F9-BWI	1	151	12.361194029850747
F9-BZN	10	10	10.0
F9-CAK	1	152	11.157389635316699
F9-CLT	16	16	16.0
F9-DAY	1	79	11.69440914866582
F9-DCA	0	159	16.2268711018711
F9-DEN	0	244	13.890473868896072
F9-DFW	1	236	15.319182389937106
F9-DTW	1	139	15.784694152519537
F9-ELP	9	13	11.333333333333334
F9-FAT	1	78	9.240506329113924
F9-FLL	1	200	16.34813596491228
F9-GEG	6	97	11.956611570247935
F9-IAH	1	112	15.40537545026323
F9-IND	1	141	11.753959402186036
F9-JAC	7	28	13.66304347826087
F9-JAX	1	44	13.424698795180722
F9-LAS	1	121	16.29443705673759
F9-LAX	1	107	12.950884495317379
F9-LGA	1	245	26.701479289940828
F9-MCI	1	132	10.598667210662315
F9-MCO	1	142	14.528031290743154
F9-MDW	1	222	14.080765779240203
F9-MEM	1	60	14.142553191489363
F9-MKE	1	138	12.896039603960396
F9-MSP	1	158	16.73779264214047
F9-MSY	1	25	9.130718954248366
F9-OKC	1	42	9.773371104815864
F9-OMA	1	94	11.873049862343224
F9-PBI	7	28	11.02127659574468
F9-PDX	1	69	11.167359873242226
F9-PHL	1	269	25.98702830188679
F9-PHX	1	147	14.024235645041013
F9-RNO	1	51	10.076074972436604
F9-RSW	1	41	12.957966764418376
F9-SAN	1	144	14.573547256303087
F9-SAT	1	52	9.434664861205146
F9-SDF	1	91	12.972631578947368
F9-SEA	1	74	13.993009565857248
F9-SFO	1	101	14.788898133840485
F9-SJC	1	111	12.085568326947637
F9-SLC	1	177	14.99020284255554
F9-SMF	1	104	10.493204734765454
F9-SNA	1	174	14.71381794368042
F9-STL	1	170	13.166554884864745
F9-TPA	1	96	12.542566709021601
F9-TUL	1	25	11.157894736842104
F9-TUS	1	42	10.140151515151516
FL-ATL	0	508	17.871360809190513
FL-BMI	1	184	10.417630634224173
FL-BOS	0	1398	17.74487461406899
FL-BTV	5	71	10.4812734082397
FL-BUF	0	154	12.958296064400715
FL-BWI	0	221	13.32549693443199
FL-CAK	0	186	11.755450663070352
FL-CHS	1	118	11.145791583166332
FL-CLT	0	201	16.79780119102153
FL-CMH	4	50	12.445497630331754
FL-DAB	1	71	10.471639471639472
FL-DAY	0	150	11.886187369198572
FL-DCA	0	200	15.643863935350499
FL-DEN	1	199	13.667480609020396
FL-DFW	1	327	15.952136231000392
FL-DTW	0	193	13.203298762963888
FL-EWR	0	394	24.525008477449983
FL-FLL	0	200	15.376553908677982
FL-FNT	0	180	10.699953227315248
FL-GPT	0	99	10.040871267743514
FL-GSO	1	104	15.746365105008078
FL-HOU	0	175	11.72376409366869
FL-HPN	0	258	14.725778661365142
FL-IAD	0	247	16.150318669361106
FL-ICT	0	152	12.31365512291405
FL-IND	0	173	12.35694805999752
FL-JAX	0	142	12.008711770157554
FL-LAS	0	105	16.187358684480987
FL-LAX	1	75	12.030976342961704
FL-LGA	0	292	24.262185247515323
FL-MCI	0	150	12.422859251968504
FL-MCO	0	200	13.293928204886221
FL-MDT	8	32	12.428571428571429
FL-MDW	0	222	13.642899976013432
FL-MEM	0	206	13.08253044900927
FL-MIA	1	190	17.04113215231114
FL-MKE	0	175	13.217202770047246
FL-MLI	1	184	11.26501868352975
FL-MSP	0	275	15.265770953294945
FL-MSY	0	180	10.61439444817551
FL-MYR	0	214	11.042364016736402
FL-PBI	0	127	12.397584587367009
FL-PHF	0	191	11.343051006083295
FL-PHL	0	233	20.46342793193492
FL-PHX	1	52	12.840744101633394
FL-PIT	0	165	14.429395261845386
FL-PNS	0	158	9.91019198556887
FL-PWM	1	195	11.790465631929047
FL-RDU	1	157	12.631229555512796
FL-RIC	1	183	11.260272127172302
FL-ROC	1	174	12.435176184690159
FL-RSW	0	178	11.825264507855081
FL-SAN	0	56	14.372535211267605
FL-SAT	5	73	11.818318318318319
FL-SAV	0	102	10.980709692783996
FL-SEA	0	72	14.763872491145218
FL-SFO	1	195	15.790123456790123
FL-SJU	5	62	12.654761904761905
FL-SRQ	0	124	10.155367231638419
FL-STL	1	209	13.64665211062591
FL-SWF	1	155	11.494212556997544
FL-TLH	1	59	10.257648953301127
FL-TPA	0	207	12.056745154156367
HA-ANC	8	14	10.916666666666666
HA-HNL	1	742	11.146066007737973
HA-ITO	0	1439	6.524055080183601
HA-KOA	0	49	6.775660059385282
HA-LAS	1	74	18.272756105296544
HA-LAX	1	46	13.19972288202692
HA-LIH	1	1438	4.396482239370177
HA-LNY	1	19	4.581314878892734
HA-MKK	1	8	3.4965277777777777
HA-OAK	6	29	13.53125
HA-OGG	0	1437	6.755943192343316
HA-ONT	6	26	11.966666666666667
HA-PDX	1	73	14.269325912183055
HA-PHX	1	85	18.284578696343402
HA-PIT	6	6	6.0
HA-SAN	1	64	15.557097118463181
HA-SEA	1	98	16.26655180900812
HA-SFO	1	204	16.56998939554613
HA-SJC	1	46	14.292191435768261
HA-SMF	1	49	13.17909715407262
HP-ABQ	1	146	12.910434525569022
HP-ANC	1	67	14.503740648379052
HP-ATL	1	232	18.3698675134129
HP-AUS	1	145	10.50034270047978
HP-BDL	1	154	15.525609149676777
HP-BOI	1	60	11.811501597444089
HP-BOS	1	206	21.179645402398748
HP-BUR	1	142	12.253939478454887
HP-BWI	1	223	14.338503174768398
HP-CLE	1	176	14.917616334283
HP-CMH	1	167	11.66463628089337
HP-COS	1	61	13.526551503518874
HP-DCA	1	156	14.395737704918032
HP-DEN	1	187	13.729161816065192
HP-DFW	1	207	12.432587646076795
HP-DSM	1	38	10.434710743801652
HP-DTW	1	238	15.638761833847463
HP-ELP	1	72	12.282997940104579
HP-EWR	1	360	24.371128786596717
HP-FCA	4	35	10.227848101265822
HP-FLL	0	126	15.25933959990359
HP-GEG	1	97	10.990612777053455
HP-HNL	1	40	17.125
HP-IAD	1	283	16.197073753359213
HP-IAH	1	162	14.675152644106385
HP-ICT	1	63	10.951790633608816
HP-IND	1	114	13.31694875956411
HP-JFK	1	332	24.147792580982237
HP-LAS	1	177	16.901150964286632
HP-LAX	1	210	11.99846413761327
HP-LGA	15	31	23.0
HP-LGB	1	130	12.97005248533498
HP-MCI	1	115	11.79904820386859
HP-MCO	1	162	12.337394247038917
HP-MDW	1	38	11.771428571428572
HP-MIA	1	156	16.817127344521225
HP-MKE	1	120	13.671878878133532
HP-MSP	1	202	17.655665123767356
HP-MSY	1	70	10.671451355661882
HP-OAK	0	59	10.689054726368159
HP-OGG	8	21	13.0625
HP-OMA	1	201	11.383532991062939
HP-ONT	1	82	11.273323170731707
HP-ORD	1	257	16.449717591954816
HP-PDX	1	51	10.035334773218143
HP-PHL	1	254	23.37975849365534
HP-PHX	1	191	16.799795103306774
HP-PIT	1	86	17.24696569920844
HP-PSP	1	49	13.137931034482758
HP-RDU	1	111	11.806101496039894
HP-RNO	1	83	10.506647107362244
HP-RSW	1	112	12.753315649867375
HP-SAN	1	131	15.133436612445132
HP-SAT	1	90	9.970355151159378
HP-SEA	1	129	12.362247574088643
HP-SFO	1	92	12.75915811908885
HP-SJC	1	106	11.878090245802932
HP-SLC	1	151	13.342000768541054
HP-SMF	1	99	9.785393258426966
HP-SNA	1	144	12.815843217343492
HP-STL	1	117	13.591404746632456
HP-TPA	1	143	12.988490770901194
HP-TUS	1	95	10.913552566018934
MQ-ABI	1	245	8.984132439708999
MQ-ABQ	1	73	13.031404958677687
MQ-ACT	1	135	9.264111021220984
MQ-AEX	1	190	9.722406442444338
MQ-ALB	1	197	15.56538263995891
MQ-AMA	1	175	9.303078896728673
MQ-ATL	1	190	22.171301660872924
MQ-AUS	1	252	11.751761691223575
MQ-AZO	1	174	12.380426356589147
MQ-BDL	1	162	12.493015612161052
MQ-BGR	1	186	9.988021696549646
MQ-BHM	1	135	16.431792559188274
MQ-BMI	1	197	12.91144552163218
MQ-BNA	1	231	12.08476577876919
MQ-BOI	1	70	13.31304347826087
MQ-BOS	1	259	16.889373779538143
MQ-BPT	1	29	8.5703125
MQ-BTR	1	163	9.273447401774398
MQ-BTV	1	87	13.748148148148148
MQ-BUF	1	196	15.995838471023427
MQ-BWI	1	201	12.668450415575544
MQ-CAE	1	205	12.060438037149986
MQ-CHA	1	148	12.293683099653249
MQ-CHS	1	83	11.214106695309702
MQ-CID	1	176	10.73128483205302
MQ-CLE	1	210	17.046961623338177
MQ-CLL	1	97	9.344928005177156
MQ-CLT	1	297	21.49519372035428
MQ-CMH	1	220	15.369797235560567
MQ-CMI	1	192	12.720431381844039
MQ-COS	1	193	16.99247554552295
MQ-CRP	1	133	9.368889150665566
MQ-CVG	1	194	16.32185931286264
MQ-CWA	3	123	11.299500831946755
MQ-DAL	1	139	11.847380188587538
MQ-DAY	1	237	17.24073097873836
MQ-DBQ	1	211	11.397411150221414
MQ-DCA	1	256	15.128182790768761
MQ-DFW	1	335	17.04121804743875
MQ-DLH	1	84	10.865951742627345
MQ-DRO	1	36	9.709039548022599
MQ-DSM	1	210	12.19359188163077
MQ-DTW	1	266	17.695192443253912
MQ-ELP	5	33	14.14
MQ-EVV	1	204	12.326305015353121
MQ-EWR	1	225	19.669032741814547
MQ-EYW	1	38	10.605745721271393
MQ-FAT	1	125	10.253749859027856
MQ-FLL	1	113	15.292604501607718
MQ-FNT	1	209	15.00730110775428
MQ-FSD	1	156	17.616988416988416
MQ-FSM	1	129	8.62911218169305
MQ-FWA	1	145	11.825371413934427
MQ-GGG	1	132	8.988014981273409
MQ-GJT	4	91	13.275630252100841
MQ-GPT	1	122	10.351655416264867
MQ-GRB	1	146	10.252341754186773
MQ-GRK	1	185	8.851552308896427
MQ-GRR	1	228	14.786772887088878
MQ-GSO	1	149	12.917238001958864
MQ-GSP	1	243	12.83254008016032
MQ-HOU	1	146	11.642910991606774
MQ-HPN	1	258	17.803938730853393
MQ-HSV	1	123	11.509972299168975
MQ-IAD	1	195	18.07200800088899
MQ-IAH	1	188	15.632709251101321
MQ-ICT	1	206	12.216581756428917
MQ-ILE	1	101	10.337160200580628
MQ-IND	1	222	16.506979159903914
MQ-ISP	1	111	10.159038238702202
MQ-JAN	1	161	10.192676022405589
MQ-JAX	1	167	13.451714485654303
MQ-JFK	1	306	24.058385740334163
MQ-LAS	1	101	20.100867678958785
MQ-LAW	1	121	9.502218689979468
MQ-LAX	1	156	16.410811500224877
MQ-LBB	1	214	9.057695138105284
MQ-LEX	1	221	13.324468947624453
MQ-LFT	1	117	10.956521739130435
MQ-LGA	1	263	24.610061250452848
MQ-LIT	1	259	11.162646176452581
MQ-LNK	1	127	15.578548212351029
MQ-LRD	1	149	9.206347665728428
MQ-LSE	1	159	11.811781438900082
MQ-MAF	1	240	9.00057807645061
MQ-MAZ	3	24	10.7
MQ-MCI	1	124	11.990362668019275
MQ-MCO	1	86	13.072747621712367
MQ-MDT	1	187	14.212646773672304
MQ-MDW	1	213	16.58646112600536
MQ-MEM	1	245	14.628857472908301
MQ-MIA	1	163	14.53459609333624
MQ-MKE	1	253	14.20815952326381
MQ-MLI	1	220	12.363806380638064
MQ-MLU	1	93	9.203369905956112
MQ-MOB	1	279	9.168248490077653
MQ-MQT	1	119	11.343289085545722
MQ-MRY	1	83	11.08378752886836
MQ-MSN	1	206	14.201699083389224
MQ-MSP	1	213	18.151891891891893
MQ-MSY	7	73	15.907407407407407
MQ-MTJ	1	66	11.27027027027027
MQ-OAK	1	93	13.489039665970772
MQ-OKC	1	198	13.150539475937661
MQ-OMA	1	188	15.078419022124242
MQ-ORD	1	318	17.797304005129845
MQ-ORF	1	175	13.503567280570765
MQ-ORH	1	68	10.894366197183098
MQ-PHL	1	208	18.399666944213156
MQ-PHX	1	138	12.47979797979798
MQ-PIA	1	167	11.906209704784526
MQ-PIT	1	207	15.071132871586657
MQ-PNS	1	137	9.298802946593002
MQ-PSP	1	67	10.33803611738149
MQ-PVD	1	157	13.091669633321466
MQ-PWM	1	150	10.695992768906297
MQ-RDU	1	254	14.249248425948686
MQ-RIC	1	187	14.598452832891626
MQ-ROC	1	256	15.536027102958188
MQ-ROW	1	132	8.919763513513514
MQ-RST	1	165	11.807158169447293
MQ-RSW	1	103	11.241987179487179
MQ-SAN	1	143	12.217463617463617
MQ-SAT	1	71	10.641679957469432
MQ-SAV	1	111	12.412812333864965
MQ-SBA	1	152	10.65386737790858
MQ-SBP	1	147	12.171608463284281
MQ-SDF	1	204	15.065168656482978
MQ-SFO	1	110	13.02901747836416
MQ-SGF	1	210	11.335566404162064
MQ-SHV	1	180	8.362520622912559
MQ-SJC	1	214	12.828261767540667
MQ-SJT	1	172	8.904379620061999
MQ-SJU	1	31	12.089887640449438
MQ-SNA	1	125	12.317236780166327
MQ-SPI	4	74	13.73
MQ-SPS	1	109	10.532142626861821
MQ-STL	1	221	14.46223490016123
MQ-STT	1	23	9.17741935483871
MQ-STX	12	12	12.0
MQ-SWF	1	183	15.016043613707165
MQ-SYR	1	242	14.956535711416405
MQ-TLH	4	43	10.219931271477662
MQ-TOL	1	177	13.535703876420868
MQ-TPA	1	46	11.856573705179283
MQ-TUL	1	207	10.976187281996244
MQ-TVC	1	163	10.570295436257041
MQ-TXK	1	82	8.629399328441735
MQ-TYR	1	124	9.48242123801448
MQ-TYS	1	198	13.5024313900844
MQ-VPS	1	123	11.75328125
MQ-XNA	1	221	11.969316554434931
NW-ABE	1	127	11.226193800614354
NW-ABQ	1	156	14.898555708390646
NW-ALB	1	162	14.195374491968261
NW-ANC	1	127	16.77894973070018
NW-ATL	1	240	19.070573056137103
NW-AUS	1	119	13.624435362443537
NW-AZO	1	249	12.233660130718954
NW-BDL	1	204	15.638790035587188
NW-BHM	1	155	12.459211623198762
NW-BIL	1	120	11.605193951347797
NW-BIS	1	145	10.099908153893255
NW-BNA	1	151	13.309381302452671
NW-BOI	1	108	15.944999276306268
NW-BOS	1	207	19.491108276431305
NW-BTR	1	164	12.222811671087532
NW-BTV	1	42	14.747875354107649
NW-BUF	1	153	15.479853904574178
NW-BWI	1	201	15.534519939489524
NW-BZN	1	128	14.213232309565688
NW-CHS	1	36	12.205761316872428
NW-CID	1	205	10.240584166026133
NW-CLE	1	248	18.610935690979897
NW-CLT	1	196	17.742097473305847
NW-CMH	1	203	13.681548096996949
NW-COS	1	165	16.603880070546737
NW-CVG	1	140	15.534570765661252
NW-DAY	1	185	13.803984575835475
NW-DCA	1	216	15.229263315944484
NW-DEN	1	227	15.670600065063732
NW-DFW	1	214	17.288717857985375
NW-DLH	1	189	10.944234944577763
NW-DSM	1	105	12.319186560565871
NW-DTW	1	283	19.68970076991014
NW-EGE	1	121	21.014460511679644
NW-EWR	1	290	21.308889109107124
NW-FAI	1	42	14.788771929824561
NW-FAR	1	175	11.418942363297564
NW-FCA	1	81	12.284991909385113
NW-FLL	1	207	18.114207680731287
NW-FNT	1	192	13.164087358981776
NW-FSD	1	180	13.597076923076923
NW-FWA	1	104	10.973125884016973
NW-GEG	1	135	14.340787765113259
NW-GFK	1	134	9.535596933187295
NW-GPT	1	97	10.73076923076923
NW-GRB	1	142	12.888525250490911
NW-GRR	1	153	11.823349932356582
NW-GSO	1	137	16.701067615658364
NW-GSP	1	103	13.485889570552148
NW-GTF	1	87	8.95515581454269
NW-HDN	1	133	16.968822170900694
NW-HLN	1	93	10.338301043219076
NW-HNL	1	117	20.48694753166193
NW-HOU	1	84	11.783076923076923
NW-HPN	1	154	14.588235294117647
NW-IAD	1	183	17.587350128634533
NW-IAH	1	198	17.15062775820191
NW-ICT	1	73	9.134453781512605
NW-IND	1	160	15.902378574994652
NW-JAC	1	164	22.12136627906977
NW-JAN	1	107	11.780986762936221
NW-JAX	1	93	13.978412431751366
NW-JFK	1	288	28.526260419195598
NW-KOA	1	81	15.551367781155015
NW-LAN	1	161	10.129821146124833
NW-LAS	1	153	17.27845555004049
NW-LAX	1	164	16.0182772173711
NW-LEX	1	86	12.331103678929766
NW-LGA	1	290	24.900936494000586
NW-LIT	1	138	13.401964066510434
NW-LSE	1	86	9.940616966580977
NW-MBS	1	156	10.62599452612819
NW-MCI	1	186	12.959680576215455
NW-MCO	1	165	16.56074687926151
NW-MDT	1	169	13.277918323093603
NW-MDW	1	213	16.57943200215866
NW-MEM	1	193	15.89490212619107
NW-MHT	1	190	16.785282258064516
NW-MIA	1	176	16.060846861164716
NW-MIB	1	20	6.292134831460674
NW-MKE	1	170	14.587610870933041
NW-MOT	1	249	10.514483554529717
NW-MSN	1	184	13.003249608135489
NW-MSO	1	107	13.299174822490885
NW-MSP	1	261	18.80139685952575
NW-MSY	1	149	12.036229453203623
NW-MYR	1	61	12.816640986132512
NW-OGG	1	77	13.155887230514097
NW-OKC	1	142	11.615172759138709
NW-OMA	1	197	12.916229158253044
NW-ONT	1	137	13.374419240229571
NW-ORD	1	234	17.095683147609556
NW-ORF	1	177	12.7634943875061
NW-PBI	1	125	13.911623108665749
NW-PDX	1	167	15.03313898143741
NW-PHL	1	266	21.93464341488808
NW-PHX	1	157	17.919185142264645
NW-PIT	1	180	17.34280198565913
NW-PLN	8	19	12.333333333333334
NW-PSP	1	77	12.746126936531734
NW-PVD	1	160	14.19158460161146
NW-PWM	1	131	14.553830911492735
NW-RAP	1	143	10.784820990681707
NW-RDU	1	137	14.380191404839293
NW-RIC	1	120	12.200487621905477
NW-RNO	1	79	14.312666311868014
NW-ROC	1	179	14.612321261526127
NW-RST	1	148	9.606060606060606
NW-RSW	1	268	14.161821106024991
NW-SAN	1	118	17.172462142456535
NW-SAT	1	129	13.227175572519084
NW-SAV	1	64	19.59039548022599
NW-SBN	1	48	9.197952218430034
NW-SDF	1	124	12.606268364348677
NW-SEA	1	177	17.19083017361804
NW-SFO	1	123	16.972838102457203
NW-SGF	1	111	12.100943396226414
NW-SJC	1	146	14.56860025220681
NW-SJU	1	130	20.594902139280837
NW-SLC	1	190	16.80312028183191
NW-SMF	1	89	13.448885149347918
NW-SNA	1	159	16.603134916818924
NW-SRQ	1	77	12.549716640906748
NW-STL	1	189	15.450194446339633
NW-STT	8	31	17.242424242424242
NW-SUX	1	72	8.63728323699422
NW-SYR	1	158	16.48456561922366
NW-TPA	1	211	14.347927870926922
NW-TUS	1	70	13.018927444794953
NW-TVC	1	126	14.122460740527302
NW-TYS	1	41	9.904552129221733
NW-VPS	1	156	12.34166574493972
NW-XNA	1	108	12.739174219536757
OH-ABE	1	1439	15.255818149016777
OH-ABY	1	1326	33.75
OH-ACK	8	61	20.581632653061224
OH-ACY	1	96	12.26609266092661
OH-AGS	1	76	11.532679738562091
OH-ALB	1	133	15.30351663913146
OH-ATL	0	1438	22.531042725834148
OH-ATW	0	1395	12.241530490235153
OH-AUS	1	100	13.330623306233063
OH-AVL	0	800	12.633462282398453
OH-AVP	1	1403	13.704594246457708
OH-AZO	0	1242	12.500527148128624
OH-BDL	1	213	15.96890012642225
OH-BGM	1	1212	12.605014385532264
OH-BGR	1	1439	13.477667916808729
OH-BHM	0	1439	12.749087924115287
OH-BIL	1	965	14.932604735883425
OH-BNA	0	1405	14.420849730945305
OH-BOS	0	1437	21.39320086668794
OH-BTR	1	75	12.063783783783784
OH-BTV	0	1420	16.640717674970343
OH-BUF	0	1385	17.082906754993477
OH-BWI	1	1439	17.369710319049528
OH-CAE	0	1015	13.113039471663338
OH-CAK	0	1439	14.561758241758241
OH-CHA	0	1437	8.901789919924635
OH-CHO	1	265	10.1635046567782
OH-CHS	0	1438	14.094979731836608
OH-CID	0	154	12.496623047699451
OH-CKB	5	1437	188.75
OH-CLE	0	200	16.85196699748894
OH-CLT	0	810	21.84013343597639
OH-CMH	0	1431	13.531893805309734
OH-CMI	1	435	12.025821596244132
OH-COS	1	225	15.531818181818181
OH-CRW	1	1385	10.402372713791399
OH-CVG	0	1439	16.12266868469876
OH-DAB	0	98	12.332658569500675
OH-DAY	1	1330	11.710876276418903
OH-DCA	0	1439	16.13933460248391
OH-DEN	1	221	17.357142857142858
OH-DFW	1	908	17.945584045584045
OH-DSM	0	1438	12.138559829628644
OH-DTW	1	1425	17.546084413933386
OH-ERI	1	86	12.995121951219513
OH-EVV	1	1434	11.33283656234476
OH-EWR	1	1373	22.452087007642564
OH-FLL	1	1234	18.874326145552562
OH-FNT	0	1438	13.053965658217498
OH-FSD	0	158	11.969942196531791
OH-FWA	0	1394	11.430510178436792
OH-GNV	10	10	10.0
OH-GPT	1	90	11.627906976744185
OH-GRB	0	1436	12.357348013403543
OH-GRR	0	1439	15.572240345154162
OH-GSO	0	1365	14.930400039461352
OH-GSP	0	1425	13.916425650742994
OH-HLN	0	1417	9.585879158180584
OH-HOU	1	77	12.65525672371638
OH-HPN	0	1402	17.997948951686418
OH-HSV	0	1439	12.365536902122267
OH-HTS	0	1430	9.861027190332326
OH-HVN	1	135	11.601070154577883
OH-IAD	1	1335	20.063393928208914
OH-IAH	1	790	18.126044315292408
OH-ICT	1	1438	14.626430205949656
OH-ILM	1	76	11.154390934844193
OH-IND	0	530	14.734189723320158
OH-ISP	1	814	17.020227560050568
OH-JAN	0	830	12.186870141088397
OH-JAX	0	1439	15.799234972677596
OH-JFK	0	364	35.47395092238948
OH-LAN	0	1391	11.702320618831688
OH-LEX	0	1439	12.19903959913703
OH-LGA	1	1439	28.346209330662894
OH-LIT	1	1435	13.078956402334363
OH-MCI	1	720	14.689408055037982
OH-MCN	5	10	7.333333333333333
OH-MCO	1	1414	15.978146392838337
OH-MDT	1	1265	14.71549619416918
OH-MDW	1	123	17.907951807228915
OH-MEM	1	1437	16.99421593830334
OH-MHT	0	140	14.241423948220065
OH-MIA	1	1435	18.453762466001812
OH-MKE	1	1394	14.202231520223153
OH-MLB	1	129	11.6715129486597
OH-MLI	1	1396	12.611764705882353
OH-MOB	1	36	12.247524752475247
OH-MSN	0	1437	12.035103244837758
OH-MSP	1	1399	20.29263316151203
OH-MSY	0	440	15.191542288557214
OH-MYR	1	1439	11.660338844662176
OH-OKC	1	1330	13.885468615649183
OH-OMA	1	300	12.190647482014388
OH-ORD	1	315	21.836573830793483
OH-ORF	0	1439	14.715404407651862
OH-PBI	1	203	15.806772175193228
OH-PFN	0	38	8.803245436105477
OH-PHF	1	74	12.146268656716417
OH-PHL	0	3905	25.4707444193136
OH-PHX	1	75	14.524475524475525
OH-PIT	1	1398	16.230343116990493
OH-PNS	1	75	10.17715768981181
OH-PVD	1	347	16.073382074194424
OH-PWM	1	1439	14.208497409326425
OH-RDU	0	1438	14.769719275456447
OH-RIC	0	1439	15.083296541574688
OH-RNO	7	21	11.666666666666666
OH-ROA	0	1400	12.035106382978723
OH-ROC	0	1400	16.514666186791434
OH-RSW	1	201	14.380985426786953
OH-SAT	0	760	12.79692446856626
OH-SAV	0	1425	14.164277227722772
OH-SBA	1	194	9.703241895261845
OH-SBN	0	1438	11.159562343286984
OH-SCE	1	218	10.476626016260163
OH-SDF	0	1439	12.704740927207888
OH-SEA	1	330	15.08695652173913
OH-SFO	1	547	16.278688524590162
OH-SGF	1	77	11.83298808907302
OH-SHV	0	1400	11.534600760456273
OH-SLC	0	1417	21.964089964089965
OH-SRQ	1	1095	12.645416472778036
OH-STL	0	1439	15.83670146537688
OH-SWF	0	1417	16.291306850892344
OH-SYR	1	1085	15.117895924411226
OH-TLH	0	753	9.717096148517594
OH-TOL	0	1325	9.62250090876045
OH-TPA	1	635	14.592592592592593
OH-TRI	1	1305	10.873015873015873
OH-TTN	0	148	13.39697322467986
OH-TUL	1	295	12.876297218762971
OH-TVC	1	44	13.467948717948717
OH-TYS	0	914	12.467150215494586
OH-VPS	1	1391	16.49127906976744
OH-XNA	0	1438	13.181970415852637
OO-ABE	1	156	12.95751754710011
OO-ABI	0	1325	8.082329317269076
OO-ABQ	0	169	11.135156216145946
OO-ACT	0	71	7.7424511545293075
OO-ACV	0	127	8.157987378182286
OO-ALB	1	138	13.25925925925926
OO-AMA	12	12	12.0
OO-ASE	0	181	12.656916514320537
OO-ATL	1	173	21.74886917188587
OO-ATW	0	139	11.224863233352197
OO-AUS	0	163	12.175972396486825
OO-AVP	0	120	13.541035856573705
OO-AZO	0	191	14.308171400099651
OO-BDL	0	94	11.572533849129593
OO-BFF	4	4	4.0
OO-BFL	0	1012	9.115444444444444
OO-BHM	1	176	13.78800210028879
OO-BIL	0	107	9.780552861299709
OO-BIS	0	142	9.595450852965069
OO-BLI	1	62	10.85752688172043
OO-BMI	1	175	14.38135593220339
OO-BNA	0	252	13.778552278820376
OO-BOI	0	207	10.266688113237896
OO-BPT	0	30	6.377217553688142
OO-BTM	0	124	9.392377719487733
OO-BTR	10	10	10.0
OO-BTV	1	158	13.763005780346822
OO-BUF	1	145	14.75920084121977
OO-BUR	0	122	12.800720535254762
OO-BWI	1	149	12.194401244167963
OO-BZN	0	194	12.272740858822358
OO-CAK	0	137	18.35836020267158
OO-CDC	0	163	8.229448491155047
OO-CEC	1	116	9.501586797841956
OO-CHS	1	162	14.386435888378665
OO-CIC	0	150	9.845008273579703
OO-CID	0	167	11.801616295804273
OO-CLD	0	82	8.49908689697154
OO-CLE	0	207	16.405358686257564
OO-CLL	0	111	7.452508004268943
OO-CLT	1	54	20.514360313315926
OO-CMH	1	120	12.98015772068176
OO-COD	1	138	9.488140503349628
OO-COS	0	248	14.106618118413293
OO-CPR	0	96	9.238645492183155
OO-CRW	0	249	14.546967455621301
OO-CVG	0	199	18.021451104100947
OO-CWA	1	166	11.825448613376835
OO-CYS	5	11	8.0
OO-DAB	1	26	10.246031746031745
OO-DAY	1	146	16.970600766936514
OO-DEN	0	304	16.17593857285245
OO-DFW	0	207	18.387444655281467
OO-DRO	0	102	10.44408235816916
OO-DSM	1	231	12.286446204005589
OO-DTW	1	268	18.128686327077748
OO-EKO	0	105	8.069556372740788
OO-ELP	0	141	10.861718408395278
OO-EUG	0	127	9.551809818010879
OO-EWR	1	230	26.76042841037204
OO-FAR	0	190	12.810137592914757
OO-FAT	0	122	8.715636956213688
OO-FCA	0	150	11.152608443228
OO-FLL	1	29	19.142857142857142
OO-FMN	3	15	8.333333333333334
OO-FNT	1	52	9.706766917293233
OO-FSD	1	173	11.819918796274182
OO-FWA	0	167	14.186767387340453
OO-GCC	6	81	13.945086705202312
OO-GEG	0	131	9.507836813217903
OO-GJT	0	1050	8.908518360375748
OO-GRB	1	217	11.857235421166306
OO-GRK	1	85	8.030335861321777
OO-GRR	1	212	13.09413754227734
OO-GSO	1	50	12.630208333333334
OO-GSP	1	218	16.628318584070797
OO-GTF	0	152	9.278829330364244
OO-GUC	1	151	22.613526570048307
OO-HDN	1	139	14.39430543572045
OO-HLN	0	87	9.586787414373621
OO-HOU	1	120	12.501216545012165
OO-HPN	0	221	20.413640824337588
OO-HSV	1	77	13.554162936436885
OO-IAD	11	62	23.071428571428573
OO-IAH	0	199	15.165076600292942
OO-ICT	0	222	12.158279448973854
OO-IDA	0	267	9.548893247408238
OO-ILE	0	119	7.689951638903815
OO-IND	1	179	15.259964830011723
OO-IPL	0	90	9.374844995571301
OO-IYK	1	69	9.8902619871478
OO-JAC	0	130	10.73721418314371
OO-JAN	1	74	10.106290672451193
OO-JAX	1	122	11.951866404715128
OO-LAN	1	171	13.782503037667071
OO-LAS	0	112	13.986003110419906
OO-LAX	0	1324	13.65373005008058
OO-LBB	7	7	7.0
OO-LEX	0	211	15.42403265885694
OO-LGB	1	189	14.728271484375
OO-LIT	1	58	11.321377331420374
OO-LMT	3	71	12.316430020283976
OO-LNK	0	174	10.62977590795913
OO-LWS	0	98	10.706545454545454
OO-MBS	0	181	13.565973136686859
OO-MCI	0	214	13.376171143035602
OO-MDT	1	111	12.402985074626866
OO-MEM	1	203	14.629554180051713
OO-MFR	0	153	8.964216602709174
OO-MGM	1	27	7.568421052631579
OO-MKC	16	16	16.0
OO-MKE	1	189	15.192428415860611
OO-MKG	1	21	7.782608695652174
OO-MLI	1	169	12.187270726338959
OO-MLU	1	100	7.334463276836158
OO-MOB	1	79	11.416289592760181
OO-MOD	1	555	9.448549257759785
OO-MRY	0	104	8.91580306897506
OO-MSN	1	226	14.089611815188105
OO-MSO	0	129	10.162472766884532
OO-MSP	1	124	15.838087248322148
OO-MSY	0	70	12.357836338418863
OO-MTJ	0	99	9.288409138545378
OO-OAK	0	78	12.10056869200838
OO-OGD	0	17	9.0
OO-OKC	0	210	11.847356828193833
OO-OMA	1	203	12.138018433179724
OO-ONT	0	178	11.057455477727418
OO-ORD	0	1339	19.646673446946036
OO-ORF	1	159	13.571998404467491
OO-OTH	4	86	12.82128514056225
OO-OXR	0	97	8.993660185967878
OO-PDX	0	1039	8.813627055291567
OO-PFN	1	34	8.605150214592275
OO-PHL	1	217	20.68059299191375
OO-PHX	0	124	13.828628695506932
OO-PIA	0	251	14.58424880086647
OO-PIH	0	128	8.908460977388767
OO-PIT	1	135	15.478434353030591
OO-PMD	0	102	12.581437670609645
OO-PNS	1	48	7.672955974842767
OO-PSC	0	136	9.670697180606346
OO-PSP	0	168	9.630920036226094
OO-PUB	1	5	3.3333333333333335
OO-PVD	1	201	15.445833333333333
OO-PVU	1	1	1.0
OO-PWM	1	142	14.870967741935484
OO-RAP	0	177	10.123943502183902
OO-RDD	1	88	9.172272494451084
OO-RDM	0	155	9.755367054141795
OO-RDU	1	103	15.354818123803446
OO-RFD	1	87	15.592282958199357
OO-RIC	6	24	12.107142857142858
OO-RKS	4	147	11.90632911392405
OO-RNO	0	625	10.404513509974246
OO-ROA	0	161	12.031604538087521
OO-ROC	1	41	11.837837837837839
OO-SAN	0	117	11.064348640251946
OO-SAT	0	134	11.706771754865692
OO-SAV	1	149	15.213667820069205
OO-SBA	0	164	8.657687149956613
OO-SBN	0	206	12.382316313823162
OO-SBP	0	88	9.408384230982787
OO-SDF	0	181	16.0926949048496
OO-SEA	0	181	10.202601537888283
OO-SFO	0	706	14.822024313763755
OO-SGF	0	208	12.011867948182198
OO-SGU	0	76	8.696209761163033
OO-SHV	1	19	7.818181818181818
OO-SJC	0	197	11.73872340425532
OO-SJT	0	72	7.471736204576043
OO-SLC	0	1355	16.666835976488855
OO-SLE	0	42	12.773499433748585
OO-SMF	0	179	10.660671840545263
OO-SMX	0	93	8.954813019390581
OO-SNA	0	135	12.436691763894476
OO-SPI	1	221	12.751202943673931
OO-STL	1	130	13.67802037845706
OO-SUN	0	1020	8.411389297987236
OO-SUX	19	19	19.0
OO-SYR	1	158	15.802168815943729
OO-TLH	1	121	10.438763376932224
OO-TUL	0	170	11.99910945595855
OO-TUS	0	158	10.634375108157686
OO-TVC	1	241	12.858684738955823
OO-TWF	0	161	8.549183656892211
OO-TXK	0	25	7.172067901234568
OO-TYR	0	37	6.908863294942414
OO-TYS	0	217	13.685417068002312
OO-VCT	1	55	8.092788703983862
OO-VIS	1	31	6.4977420973406925
OO-VPS	1	71	12.62406015037594
OO-WYS	1	27	7.614960147148988
OO-XNA	0	196	13.353653918970087
OO-YKM	0	54	11.107095046854083
OO-YUM	0	131	10.245137946630484
TW-ABQ	1	70	11.869392390687109
TW-ANC	1	50	14.443277310924369
TW-ATL	1	89	15.354192229038855
TW-AUS	1	156	12.509915014164307
TW-BDL	1	195	13.464732650739476
TW-BNA	1	115	12.485129205265723
TW-BOS	1	115	20.386491557223266
TW-BWI	1	183	15.512128146453088
TW-CID	1	186	9.336952151186168
TW-CLE	1	151	15.35490070467649
TW-CLT	1	94	14.391644908616188
TW-CMH	1	106	11.386716910032971
TW-COS	1	97	14.908536585365853
TW-CVG	1	156	13.98699891657638
TW-DAY	1	145	12.253112033195022
TW-DCA	1	133	15.668510470169894
TW-DEN	1	128	15.935614588023412
TW-DFW	1	232	13.93444055944056
TW-DSM	1	67	9.032382793620107
TW-DTW	1	291	19.698130841121497
TW-ELP	1	65	12.448087431693988
TW-EWR	1	436	25.093012704174228
TW-FLL	1	114	16.074742268041238
TW-FSD	1	79	10.409728718428438
TW-HDN	1	59	12.622448979591837
TW-HNL	1	46	16.24390243902439
TW-IAD	1	120	17.42570281124498
TW-IAH	1	67	11.983734087694483
TW-ICT	1	107	12.232490272373541
TW-IND	1	134	14.829650092081032
TW-JAX	1	160	11.431714023831347
TW-JFK	1	410	24.511171719290886
TW-KOA	1	36	7.959183673469388
TW-LAS	1	114	14.768686868686869
TW-LAX	1	154	15.278764993336296
TW-LGA	1	332	28.85207456404089
TW-LIT	1	167	10.999515033947624
TW-LNK	1	86	6.933749025720966
TW-MCI	1	132	13.343740881237233
TW-MCO	1	141	14.667509191176471
TW-MDT	1	77	13.272727272727273
TW-MFE	1	68	9.278688524590164
TW-MIA	1	146	18.06513409961686
TW-MKE	1	132	10.111006140765234
TW-MLI	1	188	8.516309887869522
TW-MSP	1	156	18.84405048076923
TW-MSY	1	63	10.72972972972973
TW-OGG	1	40	10.771043771043772
TW-OKC	1	103	12.454933586337761
TW-OMA	1	69	10.287416587225929
TW-ONT	1	45	13.693144722524483
TW-ORD	1	183	18.509144701452392
TW-ORF	1	117	10.732536764705882
TW-PBI	1	72	12.371226718047527
TW-PDX	1	91	15.260343730108211
TW-PHL	1	204	21.797578692493946
TW-PHX	1	101	15.036347114947752
TW-PIA	1	31	11.352941176470589
TW-PIT	1	91	15.378211716341212
TW-PWM	1	196	10.282894736842104
TW-RDU	1	113	12.826304503216583
TW-RIC	1	108	14.238605898123325
TW-RNO	6	44	11.50413223140496
TW-RSW	1	51	11.311787072243346
TW-SAN	1	93	14.496976360637714
TW-SAT	1	51	11.688516260162602
TW-SDF	1	107	10.963659147869674
TW-SEA	1	81	15.342566943674976
TW-SFO	1	73	16.177443056576045
TW-SGF	1	183	9.090072639225182
TW-SHV	1	44	9.008038585209004
TW-SJC	1	55	17.263479145473042
TW-SJU	1	77	16.761124640247953
TW-SLC	1	122	16.717153284671532
TW-SMF	1	42	13.240628778718259
TW-SNA	1	192	18.38357487922705
TW-SRQ	5	126	10.725190839694656
TW-STL	1	320	18.956586252313233
TW-TPA	1	72	13.459372114496768
TW-TUL	1	132	14.000957395883198
TW-TYS	1	118	9.248087431693989
TZ-ABQ	16	16	16.0
TZ-BOS	1	201	21.090538573508006
TZ-BWI	13	20	16.5
TZ-CLT	1	202	17.392516227567775
TZ-DCA	1	163	15.196355085243974
TZ-DEN	1	205	15.403154952076678
TZ-DFW	1	174	15.866099417823555
TZ-EWR	1	202	25.86764705882353
TZ-FLL	1	166	17.688426252646437
TZ-HNL	1	81	16.75844785772029
TZ-HOU	1	73	14.242592592592592
TZ-IND	1	137	13.787486368593239
TZ-ITO	8	30	14.475
TZ-KOA	5	32	16.26086956521739
TZ-LAS	1	139	18.764565337254183
TZ-LAX	1	127	14.44703099713681
TZ-LGA	1	327	24.746947496947495
TZ-LIH	3	21	10.937984496124031
TZ-MCO	1	139	14.520128151553141
TZ-MDW	1	261	17.97367243829272
TZ-MIA	1	84	18.08605341246291
TZ-MSP	1	216	18.13021178027796
TZ-OAK	1	64	14.16
TZ-OGG	1	38	10.9416595865194
TZ-ONT	1	169	17.721774193548388
TZ-ORD	1	1	1.0
TZ-PHL	1	251	25.009486166007907
TZ-PHX	1	170	15.911129229514879
TZ-PIE	1	112	12.279003423354888
TZ-PIT	1	157	16.899721448467968
TZ-RSW	1	70	13.072974333165575
TZ-SEA	1	87	16.936253421978883
TZ-SFO	1	77	14.364226469527587
TZ-SJC	1	202	15.144241119483315
TZ-SJU	1	99	15.85792137018295
TZ-SRQ	1	57	10.955772113943029
TZ-TPA	19	19	19.0
UA-ABE	1	112	11.96264367816092
UA-ABQ	1	267	11.021599264705882
UA-ALB	1	205	15.55196480048551
UA-ANC	1	109	13.94426481909161
UA-ATL	1	245	20.101843998366476
UA-AUS	1	182	11.719898605830165
UA-BDL	1	249	17.21822297177348
UA-BHM	1	30	10.936908517350158
UA-BIL	1	176	10.582843137254901
UA-BNA	1	75	12.460773480662983
UA-BOI	1	106	10.807970490380443
UA-BOS	1	213	18.680386237411565
UA-BTV	1	201	13.637421665174575
UA-BUF	1	291	14.704855537720706
UA-BUR	1	181	11.908366052552099
UA-BWI	1	321	14.867387619661486
UA-BZN	6	81	14.578199052132701
UA-CID	1	117	11.064916330063474
UA-CLE	1	232	19.17360138881111
UA-CLT	1	255	18.97540480863592
UA-CMH	1	280	16.89629476298903
UA-COS	1	143	13.265897973445144
UA-CVG	1	253	19.343531679113468
UA-DAY	1	205	19.425548112058465
UA-DCA	1	260	16.97358901937466
UA-DEN	1	238	15.324846251015604
UA-DFW	1	286	15.697709381720992
UA-DSM	1	212	12.57711304733892
UA-DTW	1	272	19.270635337889757
UA-EGE	1	148	20.16311659192825
UA-EUG	1	70	9.439170622033474
UA-EWR	1	292	24.58692610728618
UA-FLL	1	264	18.111867027444916
UA-FSD	1	160	11.741365461847389
UA-GEG	1	158	11.683754822117445
UA-GRR	1	198	14.86034629577065
UA-GSO	1	191	16.782481500602305
UA-GUC	1	81	15.377622377622378
UA-HDN	1	96	20.86659551760939
UA-HNL	1	106	17.159261965655826
UA-HPN	1	234	15.992140266021766
UA-IAD	1	318	19.101790368111747
UA-IAH	1	238	15.226251276813075
UA-ICT	1	121	11.654949121184089
UA-IND	1	268	16.080131982088144
UA-JAC	1	169	15.995316565481353
UA-JAX	1	96	14.805732484076433
UA-JFK	1	337	28.628904909028492
UA-KOA	1	101	11.923812777587974
UA-LAS	1	208	17.137271633750398
UA-LAX	1	209	17.259908165097606
UA-LGA	1	372	26.396628925989894
UA-LIH	1	121	9.377562570745818
UA-LNK	1	87	11.212328767123287
UA-MBS	1	91	10.578014184397164
UA-MCI	1	338	13.367676025773712
UA-MCO	1	204	15.128541138030519
UA-MDT	1	155	12.718541944074568
UA-MDW	1	170	16.73098125689085
UA-MEM	1	72	12.455086258179655
UA-MFR	1	107	9.243181818181819
UA-MHT	1	220	17.51064854967717
UA-MIA	1	223	16.859369336716203
UA-MKE	1	126	12.27456647398844
UA-MRY	1	57	6.964809384164223
UA-MSN	1	69	11.126637554585153
UA-MSO	7	100	12.902127659574468
UA-MSP	1	245	17.131848632267324
UA-MSY	1	191	11.861761912300143
UA-MTJ	1	48	15.220095693779903
UA-OAK	1	174	13.082781777677331
UA-OGG	1	146	12.619708288865173
UA-OKC	1	157	10.585229869298967
UA-OMA	1	180	12.435872395833334
UA-ONT	1	170	11.696629933367504
UA-ORD	1	388	19.933993225829546
UA-ORF	1	79	11.393528969149736
UA-PBI	1	135	14.149853606601011
UA-PDX	1	255	11.44453564896819
UA-PHL	1	292	22.966526065325546
UA-PHX	1	228	14.570279239717072
UA-PIT	1	200	18.44385144429161
UA-PSP	1	115	12.864879356568364
UA-PVD	1	204	15.236618994604779
UA-PWM	1	198	12.7
UA-RAP	4	70	14.56140350877193
UA-RDU	1	223	15.048702679710761
UA-RIC	1	151	12.70992774953171
UA-RNO	1	147	12.382680749255996
UA-ROC	1	248	15.287988991547081
UA-RSW	1	248	15.366649132035771
UA-SAN	1	171	14.551340958251453
UA-SAT	1	198	11.94724007980492
UA-SBA	1	77	6.730488273740869
UA-SDF	1	39	12.279874213836479
UA-SEA	1	253	14.399697160103418
UA-SFO	1	203	17.72768033268903
UA-SJC	1	188	14.894523752399232
UA-SJU	1	110	17.92229681474075
UA-SLC	1	225	15.487183143784092
UA-SMF	1	194	12.338694665813508
UA-SNA	1	308	15.986267707429892
UA-STL	1	219	14.93666146645866
UA-STT	1	130	14.282820705176293
UA-SYR	1	82	14.947542533081286
UA-TPA	1	284	14.306639668179889
UA-TUL	1	109	11.192583732057416
UA-TUS	1	161	11.349197023110067
UA-TYS	1	42	11.613592233009708
US-ABE	1	202	12.19142670157068
US-ABI	13	13	13.0
US-ABQ	1	127	13.823603377043291
US-AGS	4	30	10.3
US-ALB	1	219	12.596220377097389
US-ANC	1	80	15.844235033259423
US-ATL	1	191	17.61799536076181
US-AUS	1	75	12.558447488584475
US-AVL	1	70	11.1298751950078
US-AVP	1	158	9.616085453974238
US-BDL	1	195	13.37849798837729
US-BGM	1	107	10.271356783919598
US-BGR	35	35	35.0
US-BHM	1	85	10.071007433991284
US-BNA	1	167	12.377911665638788
US-BOI	1	83	14.144520910534675
US-BOS	1	303	17.190428593585743
US-BTV	1	217	12.847344764441486
US-BUF	1	190	11.405960202445694
US-BUR	1	107	13.340931947703654
US-BWI	1	253	13.037764234506685
US-CAE	1	58	9.980113636363637
US-CAK	1	117	9.027566539923955
US-CHA	1	53	8.065116279069768
US-CHS	1	138	11.767251794470898
US-CLE	1	149	13.978216155572177
US-CLT	1	338	17.163200369584363
US-CMH	1	202	12.250393700787402
US-CRW	1	47	7.2486910994764395
US-CVG	1	1	1.0
US-DAB	7	21	12.045454545454545
US-DAY	1	118	11.588659392049884
US-DCA	1	283	15.375894340942885
US-DEN	1	180	14.586783075011445
US-DFW	1	287	16.484282424775557
US-DTW	1	186	15.705855968103663
US-EGE	1	81	20.09090909090909
US-ELM	1	118	8.46443812233286
US-ELP	1	83	12.658251695553881
US-ERI	1	47	8.486301369863014
US-EWR	1	288	21.47572505429922
US-EYW	1	36	6.270175438596492
US-FAT	1	53	14.474605954465849
US-FAY	1	53	8.224186704384724
US-FCA	5	24	10.701492537313433
US-FLL	1	254	14.83796119032668
US-GEG	1	195	13.307427447122478
US-GRR	1	42	8.069097888675623
US-GSO	1	115	13.085103626943004
US-GSP	1	60	9.922594913380022
US-HNL	1	52	15.743002544529261
US-HPN	1	210	13.746492985971944
US-HSV	1	68	8.327913279132792
US-IAD	1	210	16.725091308958095
US-IAH	1	207	14.912039248035427
US-ILM	1	160	10.594849785407725
US-IND	1	133	12.28668351275572
US-ITH	1	81	10.888415067519546
US-JAX	1	277	11.493237308975935
US-JFK	1	273	32.5014573010784
US-KOA	1	68	11.423250564334086
US-LAS	1	188	19.355247943440485
US-LAX	1	141	13.138189257905609
US-LEX	1	57	6.867980295566502
US-LGA	1	317	23.42250601152238
US-LGB	1	143	20.739837398373982
US-LIH	1	52	11.167469879518073
US-LWB	1	21	7.7073170731707314
US-MCI	1	206	12.100459500855933
US-MCO	1	200	13.769949338651628
US-MDT	1	189	12.048260629486471
US-MDW	1	195	14.773087071240106
US-MEM	1	60	10.566132264529058
US-MHT	1	211	13.007757207405334
US-MIA	1	210	16.160061841357987
US-MKE	1	116	12.295680660033973
US-MSP	1	264	17.293981131123555
US-MSY	1	143	11.410438487484466
US-MYR	1	158	11.435382607074034
US-OAK	1	87	12.657894736842104
US-OGG	1	71	10.86259977194983
US-OMA	1	88	13.299111111111111
US-ONT	1	174	13.880107832009081
US-ORD	1	326	18.24183682411708
US-ORF	1	175	11.316114753413789
US-PBI	1	224	12.18995306617154
US-PDX	1	124	11.486408521025187
US-PHL	1	393	23.080093306304448
US-PHX	0	325	17.27151197812891
US-PIT	1	303	15.233554320553104
US-PNS	1	98	10.261705685618729
US-PVD	1	245	12.652176941832113
US-PWM	1	185	11.613479888875467
US-RDU	1	178	12.62830128642211
US-RIC	1	178	12.001981479234907
US-RNO	1	92	12.372044360744926
US-ROA	1	62	8.861524582769508
US-ROC	1	161	12.205361602930566
US-RSW	1	230	12.162836413024054
US-SAN	1	173	15.729134425049487
US-SAT	1	95	12.655984303466317
US-SAV	1	139	11.764656064740755
US-SBN	1	140	9.433111603843312
US-SDF	1	80	10.94949494949495
US-SEA	1	163	15.123064182194616
US-SFO	1	164	15.602031987738858
US-SJC	1	117	13.411413777577668
US-SJU	1	124	16.322996973331048
US-SLC	1	109	15.732733881767745
US-SMF	1	114	11.985290840205037
US-SNA	1	179	15.653520751448937
US-SRQ	1	91	10.661881568828505
US-STL	1	194	15.394696766102303
US-STT	1	97	11.119383587077609
US-STX	1	50	10.995808885163454
US-SYR	1	137	13.107984869682367
US-TOL	1	55	9.799112097669257
US-TPA	1	169	12.459402375754827
US-TRI	1	79	6.908854166666667
US-TUS	1	53	11.497442455242966
US-TYS	1	26	9.029624277456648
WN-ABQ	1	188	8.618554402107895
WN-ALB	1	216	9.03859348198971
WN-AMA	1	110	7.196703845513568
WN-AUS	1	180	8.804600266258301
WN-BDL	1	166	9.791803408327073
WN-BHM	1	105	8.064355713702385
WN-BNA	1	151	9.005296304469606
WN-BOI	1	65	7.910866958863185
WN-BUF	1	115	8.695726951931915
WN-BUR	1	189	9.850200437438922
WN-BWI	1	264	10.528569909966539
WN-CLE	1	160	10.839011356045424
WN-CMH	1	205	8.085428206220707
WN-CRP	1	150	7.310790925812385
WN-DAL	1	242	8.346333055259233
WN-DEN	1	173	12.433070104130376
WN-DTW	1	180	11.931998786775857
WN-ELP	1	98	8.17035223503396
WN-FLL	1	195	13.81185817405911
WN-GEG	1	113	8.79303629666127
WN-HOU	1	174	8.24200079170623
WN-HRL	1	95	6.436838412495043
WN-IAD	1	143	12.565436425364144
WN-IAH	1	123	9.873257434944238
WN-IND	1	150	10.33174633005492
WN-ISP	1	251	8.695227693496184
WN-JAN	1	305	7.301455382574427
WN-JAX	1	165	8.704482996982112
WN-LAS	1	172	13.69073218498242
WN-LAX	1	177	9.090608601863858
WN-LBB	1	103	7.370946515055802
WN-LIT	1	93	7.470710985243702
WN-MAF	1	98	7.3183636562911
WN-MCI	1	212	9.09546725662802
WN-MCO	1	205	10.549279828645115
WN-MDW	1	259	11.303696993595004
WN-MHT	1	190	9.8541727330965
WN-MSY	1	154	7.3920781991275835
WN-OAK	1	159	9.333324959947303
WN-OKC	1	116	7.400289757769572
WN-OMA	1	100	8.218954003151497
WN-ONT	1	157	8.094891646889469
WN-ORF	1	172	8.689068191876894
WN-PBI	1	145	9.745240580127398
WN-PDX	1	120	8.849297136772593
WN-PHL	1	316	20.86658752926435
WN-PHX	1	236	11.287302365508989
WN-PIT	1	207	11.924989528995164
WN-PVD	1	179	9.885535255233199
WN-RDU	1	167	8.893647591541733
WN-RNO	1	182	8.625973026396348
WN-RSW	1	130	9.13373219853375
WN-SAN	1	127	10.671292270482553
WN-SAT	1	133	7.6849289841394075
WN-SDF	1	178	8.468916486353802
WN-SEA	1	146	11.950557171626762
WN-SFO	1	119	12.253168331593857
WN-SJC	1	120	10.170850513085751
WN-SLC	1	209	12.168431782450199
WN-SMF	1	128	8.593799292117108
WN-SNA	1	125	9.680640608554205
WN-STL	1	196	10.070619122337424
WN-TPA	1	147	9.996095640669871
WN-TUL	1	140	7.7604246414535805
WN-TUS	1	103	8.286810713481882
XE-ABE	1	180	12.095433555669574
XE-ABI	1	45	8.696551724137931
XE-ABQ	1	174	11.850088347437925
XE-ACK	1	215	17.498435054773083
XE-AEX	1	194	12.555392025689056
XE-AGS	1	242	14.308617234468938
XE-ALB	1	260	17.385740661837808
XE-AMA	1	302	12.063873626373626
XE-ATL	1	256	20.863446536915923
XE-AUS	1	137	13.461308295501444
XE-AVL	1	423	18.304878048780488
XE-BDL	1	256	17.895908004778974
XE-BFL	1	241	11.068
XE-BGR	1	284	23.78041237113402
XE-BHM	1	308	14.685074996900955
XE-BIL	1	31	10.142857142857142
XE-BNA	1	244	15.433098324615267
XE-BOI	0	100	12.305570152390962
XE-BOS	1	157	19.80475998386446
XE-BPT	1	155	10.218645684310921
XE-BRO	1	261	12.726298975852673
XE-BTR	1	256	13.160901228948566
XE-BTV	1	301	17.55119746949842
XE-BUF	1	256	15.657601821401467
XE-BWI	1	188	17.179226069246436
XE-CAE	1	173	14.911615174032068
XE-CHA	1	242	13.578789394697349
XE-CHS	1	250	16.039984358197284
XE-CLE	1	225	17.30384091053199
XE-CLL	1	279	11.759636206149848
XE-CLT	1	308	20.71252258702397
XE-CMH	1	261	13.97393854562421
XE-COS	1	184	15.499882546394174
XE-CRP	1	246	12.991978246091094
XE-CRW	1	115	11.97819225251076
XE-CVG	1	276	18.540594278139842
XE-DAB	1	253	16.673233270794245
XE-DAL	1	224	12.662721893491124
XE-DAY	1	210	15.770722130192036
XE-DCA	1	203	17.56433051208671
XE-DEN	1	85	15.686823855755895
XE-DFW	1	231	17.48461247637051
XE-DRO	4	25	11.382022471910112
XE-DSM	1	164	12.838423442014033
XE-DTW	1	263	21.43348641120229
XE-EFD	1	154	9.250283125707814
XE-ELP	1	143	12.72685860058309
XE-ERI	1	54	10.038135593220339
XE-EUG	1	53	11.225769669327253
XE-EWR	1	414	27.927021362898863
XE-FAT	1	134	9.9215859030837
XE-FCA	0	98	12.911214953271028
XE-FLL	12	31	18.428571428571427
XE-GEG	0	94	11.999026290165531
XE-GPT	1	271	12.033071381794368
XE-GRK	1	190	16.60296371997956
XE-GRR	1	250	14.872421539927837
XE-GSO	1	237	15.53230833160191
XE-GSP	1	162	13.391659562375676
XE-GUC	1	40	11.30817610062893
XE-HDN	1	67	13.318452380952381
XE-HOU	1	39	14.956692913385826
XE-HPN	1	200	16.048724383103306
XE-HRL	1	195	12.385995085995086
XE-HSV	1	248	14.399244672241705
XE-IAD	1	321	22.547536842105263
XE-IAH	0	429	19.2525130579998
XE-ICT	1	244	12.422254974207812
XE-IDA	1	39	11.063091482649842
XE-ILE	0	52	11.412987012987013
XE-IND	1	259	15.874425388967468
XE-ISP	1	167	15.043343653250774
XE-JAN	1	196	12.708203082893176
XE-JAX	0	250	13.798637395912188
XE-JFK	1	251	35.46747752511899
XE-LAS	1	150	18.30609756097561
XE-LAX	0	141	18.446903477775713
XE-LBB	1	257	12.857554711047046
XE-LCH	1	285	14.2328320802005
XE-LEX	1	252	16.06963720477234
XE-LFT	1	425	13.449271102751
XE-LGA	1	321	26.42917491749175
XE-LGB	1	52	12.282809611829945
XE-LIT	1	282	13.93960396039604
XE-LRD	1	219	12.269830949284785
XE-MAF	1	185	11.554187733567817
XE-MCI	0	233	13.119963872133157
XE-MCO	1	104	14.898148148148149
XE-MDT	1	224	12.989195979899497
XE-MDW	1	190	17.044263408010863
XE-MEM	1	260	17.612129380053908
XE-MFE	1	234	11.660042964554243
XE-MGM	1	183	13.013930348258706
XE-MHT	1	224	18.641229281767956
XE-MIA	1	165	16.466006600660066
XE-MKE	1	211	15.967242605530686
XE-MLU	1	231	9.424505380076363
XE-MOB	1	192	12.594117647058823
XE-MRY	0	33	8.131679389312977
XE-MSN	1	216	14.826883206634417
XE-MSP	1	222	19.778107196837578
XE-MSY	1	220	10.979253544620518
XE-MTJ	1	97	13.783844427823485
XE-MYR	1	152	13.85122699386503
XE-OAK	0	95	15.968513853904282
XE-OKC	1	282	12.332934131736527
XE-OMA	0	255	14.83448522402288
XE-ONT	0	101	12.048592222303904
XE-ORD	1	250	19.01111258983231
XE-ORF	1	308	14.498768405495648
XE-PBI	1	163	13.169924420119886
XE-PDX	5	68	13.18018018018018
XE-PHL	1	331	22.804561884581826
XE-PHX	1	148	15.747057608920091
XE-PIT	1	282	19.625792439539797
XE-PNS	1	186	11.197477335435554
XE-PSP	1	89	11.853732347007398
XE-PUB	18	41	29.5
XE-PVD	1	181	16.61710419883815
XE-PWM	1	350	17.225751752204385
XE-RAP	1	42	14.2
XE-RDU	1	339	14.910490239307332
XE-RIC	1	225	16.09773534209769
XE-RNO	1	116	13.781704781704782
XE-ROC	1	286	16.497018682920366
XE-RSW	1	134	13.284982935153584
XE-SAN	0	88	10.981445689988403
XE-SAT	0	118	12.284394131916368
XE-SAV	1	392	16.321675706003365
XE-SBA	1	25	8.065656565656566
XE-SBN	1	68	13.630681818181818
XE-SDF	0	261	15.426280554258135
XE-SEA	1	107	18.04989154013015
XE-SFO	1	107	19.565549427238015
XE-SHV	1	254	10.088913403199118
XE-SJC	1	86	15.80784574468085
XE-SJT	1	73	10.595918367346938
XE-SLC	1	170	18.633418043202035
XE-SMF	0	106	12.297967213114754
XE-SRQ	1	146	12.12793979303857
XE-STL	1	189	15.244318181818182
XE-SYR	1	246	17.69768477292965
XE-TLH	1	191	10.447384615384616
XE-TPA	1	76	15.143229166666666
XE-TUL	0	357	12.500566251415629
XE-TUS	0	185	11.278658480711078
XE-TWF	5	5	5.0
XE-TXK	1	69	8.87012987012987
XE-TYR	1	32	11.658959537572255
XE-TYS	1	204	13.852911991451034
XE-VCT	1	76	9.506493506493506
XE-VPS	1	191	12.990176817288802
XE-XNA	1	239	13.296723503844868
YV-ABE	0	107	12.567051333068045
YV-ABQ	1	105	13.315068493150685
YV-AGS	5	34	13.285714285714286
YV-ALB	0	80	14.543385490753911
YV-ASE	0	129	10.306685532366465
YV-ATL	0	153	21.59208390560619
YV-ATW	0	238	12.565663474692203
YV-AUS	1	95	12.879414428010866
YV-AVL	1	22	9.944444444444445
YV-AVP	1	116	13.079234972677595
YV-BDL	0	289	15.51522035438437
YV-BFL	1	73	11.436178153769594
YV-BHM	1	208	14.11758691206544
YV-BIL	1	25	10.576923076923077
YV-BMI	0	214	15.741143567433188
YV-BNA	0	157	14.577082102776137
YV-BOI	1	35	12.359223300970873
YV-BOS	0	139	17.71588785046729
YV-BTV	1	29	12.092307692307692
YV-BUF	0	147	13.573492143943234
YV-BUR	1	156	13.772294677476207
YV-BWI	1	119	13.468148148148147
YV-CAE	0	201	13.912643450732093
YV-CAK	0	120	16.30510257759074
YV-CHA	1	13	8.4
YV-CHO	1	46	12.181818181818182
YV-CHS	0	125	13.856822676334872
YV-CID	0	145	13.921264059989287
YV-CLD	1	60	10.530516431924882
YV-CLE	0	143	16.073967012412854
YV-CLT	0	200	20.829918506531037
YV-CMH	1	62	13.186291739894552
YV-COD	1	192	14.21383075523203
YV-COS	1	137	13.668882109392024
YV-CPR	1	176	11.965786901270771
YV-CRW	1	27	11.0
YV-CVG	1	30	14.4
YV-CWA	1	103	11.249621785173979
YV-DAB	0	36	10.514705882352942
YV-DAY	2	45	15.126760563380282
YV-DCA	1	42	15.5
YV-DEN	0	150	16.468180460113533
YV-DFW	1	130	17.99758259468171
YV-DRO	1	93	11.320721453756441
YV-DSM	0	157	13.113250994347917
YV-DTW	0	169	16.669592152813628
YV-EGE	0	180	13.463689776733254
YV-ELP	1	106	12.808404349103732
YV-EUG	1	89	10.400564174894217
YV-EWR	0	188	21.63620151582702
YV-FAT	1	123	10.770765592669228
YV-FAY	4	70	15.727272727272727
YV-FCA	1	29	10.3
YV-FLG	1	200	12.808282492142725
YV-FSD	0	165	12.736566809320019
YV-FWA	0	167	13.854718543046358
YV-GCC	2	107	15.185672514619883
YV-GEG	1	32	10.413533834586467
YV-GJT	1	137	11.660947352984309
YV-GNV	3	23	9.517241379310345
YV-GRB	0	136	11.571013289036545
YV-GRR	1	115	14.36259541984733
YV-GSO	0	140	14.969883761887989
YV-GSP	0	207	14.905390364127843
YV-GUC	1	88	11.251685393258427
YV-HDN	1	85	13.797433229275061
YV-HNL	0	46	11.16176625937533
YV-HSV	1	124	12.714628297362111
YV-IAD	0	218	19.342916285881017
YV-IAH	1	178	16.855865577308464
YV-ICT	1	72	12.629266012155213
YV-ILM	1	75	12.33270034181542
YV-IND	1	67	12.4640522875817
YV-ITO	0	49	8.630479506250989
YV-JAC	1	89	13.68929198361615
YV-JAN	1	21	9.869565217391305
YV-JAX	0	89	11.840321141837645
YV-JFK	0	182	27.13309578704674
YV-KOA	1	35	8.764118692738958
YV-LAN	0	215	13.999554168524298
YV-LAS	0	142	18.314320511519334
YV-LAX	1	85	12.848751835535976
YV-LEX	0	37	10.031941031941033
YV-LGA	0	202	24.208668877309332
YV-LGB	1	138	14.393452500502109
YV-LIH	0	36	7.719081272084805
YV-LIT	0	26	10.474747474747474
YV-LNK	1	225	12.277673545966229
YV-MBS	0	108	12.994895354772844
YV-MCI	1	141	13.335238513959112
YV-MDT	0	108	12.902919708029197
YV-MDW	0	168	16.290064102564102
YV-MEM	1	113	14.35674769488684
YV-MFR	1	62	10.635340461451886
YV-MGM	1	18	7.888888888888889
YV-MHT	0	200	14.57436021245775
YV-MKE	1	91	13.71501272264631
YV-MLI	1	104	13.361666666666666
YV-MOB	1	27	9.22469135802469
YV-MRY	1	72	10.874813153961137
YV-MSN	0	150	15.426772975241292
YV-MSP	0	89	19.091520861372814
YV-MSY	1	151	13.454166666666667
YV-MTJ	1	76	12.68696397941681
YV-MYR	0	148	11.825655172413793
YV-OAJ	1	34	10.923076923076923
YV-OAK	1	81	11.671963677639047
YV-OGG	1	47	8.209904474610356
YV-OKC	0	239	13.425377015080603
YV-OMA	1	70	12.036860879904875
YV-ONT	1	60	12.079045488441462
YV-ORD	0	246	19.292613636363637
YV-ORF	0	178	13.015530361857431
YV-PDX	1	27	11.373913043478261
YV-PHF	1	48	9.353591160220995
YV-PHL	0	173	22.77623820754717
YV-PHX	0	223	18.345926662377916
YV-PIT	1	109	16.046288395904437
YV-PNS	1	133	11.840856481481481
YV-PSP	1	69	12.238026589780555
YV-PVD	0	121	13.723311546840959
YV-PWM	0	170	14.335260115606937
YV-RAP	1	108	11.275145469659185
YV-RDU	0	180	15.913790806129247
YV-RIC	0	128	15.054017555705604
YV-RKS	1	77	14.222222222222221
YV-RNO	1	80	12.822911912368781
YV-ROA	0	115	13.03460972017673
YV-ROC	0	111	13.707907293796865
YV-SAN	1	135	15.038605898123324
YV-SAT	1	100	11.882631038026721
YV-SAV	0	135	14.011044698544698
YV-SBA	0	112	10.798192771084338
YV-SBN	0	242	13.139144215530903
YV-SBP	1	75	10.522039298990972
YV-SDF	1	116	17.54678007290401
YV-SEA	1	38	15.838938053097346
YV-SFO	1	52	13.702127659574469
YV-SJC	1	79	11.207439198855507
YV-SLC	1	135	14.557121288374434
YV-SMF	1	65	11.564586357039188
YV-SNA	1	67	11.42578325629173
YV-SPI	1	122	14.31245105716523
YV-SRQ	1	80	11.929840142095914
YV-STL	0	103	13.798206278026905
YV-SYR	1	146	15.56347438752784
YV-TEX	1	120	14.618380062305295
YV-TLH	1	106	13.738709677419354
YV-TRI	1	48	11.392857142857142
YV-TUS	1	116	12.967233480860315
YV-TVC	1	95	13.83222748815166
YV-TYS	1	89	14.037453183520599
YV-XNA	1	17	9.954545454545455
YV-YUM	1	83	12.801760563380281
